no. frames, raw x, raw y, raw z, raw yaw, raw pitch, raw roll, cal. yaw, cal. pitch, cal. roll
00001, 10.288, -0.785, 1.741, -21.455, -2.599, -3.32, -0.717858333333, -4.46624444444, -3.32
00002, 10.288, -0.785, 1.741, -21.455, -2.599, -3.32, -0.717858333333, -4.46624444444, -3.32
00003, 10.316, -0.784, 1.769, -21.522, -2.588, -3.281, -0.784858333333, -4.45524444444, -3.281
00004, 10.316, -0.784, 1.769, -21.522, -2.588, -3.281, -0.784858333333, -4.45524444444, -3.281
00005, 10.347, -0.794, 1.792, -21.569, -2.656, -3.225, -0.831858333333, -4.52324444444, -3.225
00006, 10.347, -0.794, 1.792, -21.569, -2.656, -3.225, -0.831858333333, -4.52324444444, -3.225
00007, 10.391, -0.815, 1.803, -21.61, -2.804, -3.133, -0.872858333333, -4.67124444444, -3.133
00008, 10.391, -0.815, 1.803, -21.61, -2.804, -3.133, -0.872858333333, -4.67124444444, -3.133
00009, 10.441, -0.864, 1.791, -21.661, -3.137, -3.018, -0.923858333333, -5.00424444444, -3.018
00010, 10.441, -0.864, 1.791, -21.661, -3.137, -3.018, -0.923858333333, -5.00424444444, -3.018
00011, 10.472, -0.918, 1.751, -21.61, -3.469, -2.919, -0.872858333333, -5.33624444444, -2.919
00012, 10.472, -0.918, 1.751, -21.61, -3.469, -2.919, -0.872858333333, -5.33624444444, -2.919
00013, 10.47, -0.952, 1.689, -21.383, -3.781, -2.878, -0.645858333333, -5.64824444444, -2.878
00014, 10.47, -0.952, 1.689, -21.383, -3.781, -2.878, -0.645858333333, -5.64824444444, -2.878
00015, 10.435, -0.966, 1.64, -21.032, -3.897, -2.928, -0.294858333333, -5.76424444444, -2.928
00016, 10.435, -0.966, 1.64, -21.032, -3.897, -2.928, -0.294858333333, -5.76424444444, -2.928
00017, 10.395, -0.973, 1.624, -20.606, -3.919, -2.951, 0.131141666667, -5.78624444444, -2.951
00018, 10.395, -0.973, 1.624, -20.606, -3.919, -2.951, 0.131141666667, -5.78624444444, -2.951
00019, 10.359, -0.998, 1.577, -20.203, -4.099, -2.935, 0.534141666667, -5.96624444444, -2.935
00020, 10.359, -0.998, 1.577, -20.203, -4.099, -2.935, 0.534141666667, -5.96624444444, -2.935
00021, 10.333, -1.055, 1.52, -19.862, -4.502, -2.908, 0.875141666667, -6.36924444444, -2.908
00022, 10.333, -1.055, 1.52, -19.862, -4.502, -2.908, 0.875141666667, -6.36924444444, -2.908
00023, 10.322, -1.136, 1.465, -19.589, -5.038, -2.909, 1.14814166667, -6.90524444444, -2.909
00024, 10.322, -1.136, 1.465, -19.589, -5.038, -2.909, 1.14814166667, -6.90524444444, -2.909
00025, 10.311, -1.226, 1.402, -19.33, -5.627, -2.91, 1.40714166667, -7.49424444444, -2.91
00026, 10.311, -1.226, 1.402, -19.33, -5.627, -2.91, 1.40714166667, -7.49424444444, -2.91
00027, 10.307, -1.314, 1.328, -19.115, -6.141, -2.89, 1.62214166667, -8.00824444444, -2.89
00028, 10.307, -1.314, 1.328, -19.115, -6.141, -2.89, 1.62214166667, -8.00824444444, -2.89
00029, 10.319, -1.367, 1.267, -19.027, -6.438, -2.856, 1.71014166667, -8.30524444444, -2.856
00030, 10.319, -1.367, 1.267, -19.027, -6.438, -2.856, 1.71014166667, -8.30524444444, -2.856
00031, 10.344, -1.422, 1.198, -19.025, -6.758, -2.784, 1.71214166667, -8.62524444444, -2.784
00032, 10.344, -1.422, 1.198, -19.025, -6.758, -2.784, 1.71214166667, -8.62524444444, -2.784
00033, 10.367, -1.486, 1.117, -18.979, -7.191, -2.705, 1.75814166667, -9.05824444444, -2.705
00034, 10.367, -1.486, 1.117, -18.979, -7.191, -2.705, 1.75814166667, -9.05824444444, -2.705
00035, 10.38, -1.56, 1.036, -18.848, -7.591, -2.629, 1.88914166667, -9.45824444444, -2.629
00036, 10.38, -1.56, 1.036, -18.848, -7.591, -2.629, 1.88914166667, -9.45824444444, -2.629
00037, 10.384, -1.662, 0.942, -18.656, -8.052, -2.575, 2.08114166667, -9.91924444444, -2.575
00038, 10.384, -1.662, 0.942, -18.656, -8.052, -2.575, 2.08114166667, -9.91924444444, -2.575
00039, 10.385, -1.759, 0.852, -18.441, -8.52, -2.53, 2.29614166667, -10.3872444444, -2.53
00040, 10.385, -1.759, 0.852, -18.441, -8.52, -2.53, 2.29614166667, -10.3872444444, -2.53
00041, 10.397, -1.833, 0.776, -18.28, -8.94, -2.406, 2.45714166667, -10.8072444444, -2.406
00042, 10.397, -1.833, 0.776, -18.28, -8.94, -2.406, 2.45714166667, -10.8072444444, -2.406
00043, 10.43, -1.921, 0.703, -18.17, -9.507, -2.174, 2.56714166667, -11.3742444444, -2.174
00044, 10.43, -1.921, 0.703, -18.17, -9.507, -2.174, 2.56714166667, -11.3742444444, -2.174
00045, 10.481, -2.046, 0.612, -18.055, -10.253, -1.848, 2.68214166667, -12.1202444444, -1.848
00046, 10.481, -2.046, 0.612, -18.055, -10.253, -1.848, 2.68214166667, -12.1202444444, -1.848
00047, 10.522, -2.175, 0.512, -17.899, -10.98, -1.556, 2.83814166667, -12.8472444444, -1.556
00048, 10.522, -2.175, 0.512, -17.899, -10.98, -1.556, 2.83814166667, -12.8472444444, -1.556
00049, 10.566, -2.281, 0.407, -17.742, -11.52, -1.356, 2.99514166667, -13.3872444444, -1.356
00050, 10.566, -2.281, 0.407, -17.742, -11.52, -1.356, 2.99514166667, -13.3872444444, -1.356
00051, 10.602, -2.329, 0.313, -17.69, -11.7, -1.242, 3.04714166667, -13.5672444444, -1.242
00052, 10.602, -2.329, 0.313, -17.69, -11.7, -1.242, 3.04714166667, -13.5672444444, -1.242
00053, 10.656, -2.28, 0.253, -17.969, -11.437, -1.353, 2.76814166667, -13.3042444444, -1.353
00054, 10.656, -2.28, 0.253, -17.969, -11.437, -1.353, 2.76814166667, -13.3042444444, -1.353
00055, 10.748, -2.231, 0.235, -18.654, -11.287, -1.494, 2.08314166667, -13.1542444444, -1.494
00056, 10.748, -2.231, 0.235, -18.654, -11.287, -1.494, 2.08314166667, -13.1542444444, -1.494
00057, 10.842, -2.26, 0.212, -19.234, -11.599, -1.392, 1.50314166667, -13.4662444444, -1.392
00058, 10.842, -2.26, 0.212, -19.234, -11.599, -1.392, 1.50314166667, -13.4662444444, -1.392
00059, 10.92, -2.357, 0.146, -19.452, -12.262, -1.082, 1.28514166667, -14.1292444444, -1.082
00060, 10.92, -2.357, 0.146, -19.452, -12.262, -1.082, 1.28514166667, -14.1292444444, -1.082
00061, 10.992, -2.513, 0.031, -19.343, -13.144, -0.696, 1.39414166667, -15.0112444444, -0.696
00062, 10.992, -2.513, 0.031, -19.343, -13.144, -0.696, 1.39414166667, -15.0112444444, -0.696
00063, 11.025, -2.687, -0.104, -18.952, -13.955, -0.373, 1.78514166667, -15.8222444444, -0.373
00064, 11.025, -2.687, -0.104, -18.952, -13.955, -0.373, 1.78514166667, -15.8222444444, -0.373
00065, 11.006, -2.811, -0.231, -18.314, -14.521, -0.176, 2.42314166667, -16.3882444444, -0.176
00066, 11.006, -2.811, -0.231, -18.314, -14.521, -0.176, 2.42314166667, -16.3882444444, -0.176
00067, 10.937, -2.887, -0.34, -17.48, -14.923, -0.062, 3.25714166667, -16.7902444444, -0.062
00068, 10.937, -2.887, -0.34, -17.48, -14.923, -0.062, 3.25714166667, -16.7902444444, -0.062
00069, 10.85, -2.907, -0.399, -16.567, -15.009, 0.02, 4.17014166667, -16.8762444444, 0.02
00070, 10.85, -2.907, -0.399, -16.567, -15.009, 0.02, 4.17014166667, -16.8762444444, 0.02
00071, 10.75, -2.875, -0.432, -15.557, -14.796, 0.099, 5.18014166667, -16.6632444444, 0.099
00072, 10.75, -2.875, -0.432, -15.557, -14.796, 0.099, 5.18014166667, -16.6632444444, 0.099
00073, 10.656, -2.819, -0.463, -14.676, -14.398, 0.153, 6.06114166667, -16.2652444444, 0.153
00074, 10.656, -2.819, -0.463, -14.676, -14.398, 0.153, 6.06114166667, -16.2652444444, 0.153
00075, 10.605, -2.746, -0.485, -14.181, -13.954, 0.134, 6.55614166667, -15.8212444444, 0.134
00076, 10.605, -2.746, -0.485, -14.181, -13.954, 0.134, 6.55614166667, -15.8212444444, 0.134
00077, 10.58, -2.669, -0.491, -13.875, -13.553, 0.117, 6.86214166667, -15.4202444444, 0.117
00078, 10.58, -2.669, -0.491, -13.875, -13.553, 0.117, 6.86214166667, -15.4202444444, 0.117
00079, 10.524, -2.598, -0.494, -13.328, -13.077, 0.222, 7.40914166667, -14.9442444444, 0.222
00080, 10.524, -2.598, -0.494, -13.328, -13.077, 0.222, 7.40914166667, -14.9442444444, 0.222
00081, 10.331, -2.509, -0.518, -11.76, -12.415, 0.549, 8.97714166667, -14.2822444444, 0.549
00082, 10.331, -2.509, -0.518, -11.76, -12.415, 0.549, 8.97714166667, -14.2822444444, 0.549
00083, 10.086, -2.441, -0.571, -9.867, -11.907, 0.888, 10.8701416667, -13.7742444444, 0.888
00084, 10.086, -2.441, -0.571, -9.867, -11.907, 0.888, 10.8701416667, -13.7742444444, 0.888
00085, 9.903, -2.419, -0.616, -8.499, -11.689, 1.045, 12.2381416667, -13.5562444444, 1.045
00086, 9.903, -2.419, -0.616, -8.499, -11.689, 1.045, 12.2381416667, -13.5562444444, 1.045
00087, 9.828, -2.428, -0.64, -7.998, -11.654, 1.053, 12.7391416667, -13.5212444444, 1.053
00088, 9.828, -2.428, -0.64, -7.998, -11.654, 1.053, 12.7391416667, -13.5212444444, 1.053
00089, 9.867, -2.465, -0.656, -8.356, -11.843, 0.96, 12.3811416667, -13.7102444444, 0.96
00090, 9.867, -2.465, -0.656, -8.356, -11.843, 0.96, 12.3811416667, -13.7102444444, 0.96
00091, 9.974, -2.511, -0.677, -9.155, -12.12, 0.856, 11.5821416667, -13.9872444444, 0.856
00092, 9.974, -2.511, -0.677, -9.155, -12.12, 0.856, 11.5821416667, -13.9872444444, 0.856
00093, 10.14, -2.58, -0.693, -10.347, -12.495, 0.74, 10.3901416667, -14.3622444444, 0.74
00094, 10.14, -2.58, -0.693, -10.347, -12.495, 0.74, 10.3901416667, -14.3622444444, 0.74
00095, 10.442, -2.656, -0.695, -12.551, -12.983, 0.432, 8.18614166667, -14.8502444444, 0.432
00096, 10.442, -2.656, -0.695, -12.551, -12.983, 0.432, 8.18614166667, -14.8502444444, 0.432
00097, 11.011, -2.688, -0.633, -16.926, -13.356, -0.631, 3.81114166667, -15.2232444444, -0.631
00098, 11.011, -2.688, -0.633, -16.926, -13.356, -0.631, 3.81114166667, -15.2232444444, -0.631
00099, 11.76, -2.679, -0.464, -22.987, -13.629, -2.131, -2.24985833333, -15.4962444444, -2.131
00100, 11.76, -2.679, -0.464, -22.987, -13.629, -2.131, -2.24985833333, -15.4962444444, -2.131
00101, 12.461, -2.59, -0.215, -28.839, -13.442, -3.524, -8.10185833333, -15.3092444444, -3.524
00102, 12.461, -2.59, -0.215, -28.839, -13.442, -3.524, -8.10185833333, -15.3092444444, -3.524
00103, 12.958, -2.457, 0.084, -32.99, -12.927, -4.23, -12.2528583333, -14.7942444444, -4.23
00104, 12.958, -2.457, 0.084, -32.99, -12.927, -4.23, -12.2528583333, -14.7942444444, -4.23
00105, 13.236, -2.284, 0.319, -35.068, -11.961, -4.34, -14.3308583333, -13.8282444444, -4.34
00106, 13.236, -2.284, 0.319, -35.068, -11.961, -4.34, -14.3308583333, -13.8282444444, -4.34
00107, 13.371, -2.105, 0.51, -36.076, -10.941, -4.381, -15.3388583333, -12.8082444444, -4.381
00108, 13.371, -2.105, 0.51, -36.076, -10.941, -4.381, -15.3388583333, -12.8082444444, -4.381
00109, 13.46, -1.946, 0.665, -36.913, -10.14, -4.647, -16.1758583333, -12.0072444444, -4.647
00110, 13.46, -1.946, 0.665, -36.913, -10.14, -4.647, -16.1758583333, -12.0072444444, -4.647
00111, 13.499, -1.819, 0.784, -37.445, -9.475, -4.907, -16.7078583333, -11.3422444444, -4.907
00112, 13.499, -1.819, 0.784, -37.445, -9.475, -4.907, -16.7078583333, -11.3422444444, -4.907
00113, 13.49, -1.759, 0.854, -37.461, -9.249, -4.899, -16.7238583333, -11.1162444444, -4.899
00114, 13.49, -1.759, 0.854, -37.461, -9.249, -4.899, -16.7238583333, -11.1162444444, -4.899
00115, 13.476, -1.753, 0.881, -37.22, -9.304, -4.626, -16.4828583333, -11.1712444444, -4.626
00116, 13.476, -1.753, 0.881, -37.22, -9.304, -4.626, -16.4828583333, -11.1712444444, -4.626
00117, 13.514, -1.706, 0.935, -37.464, -9.113, -4.491, -16.7268583333, -10.9802444444, -4.491
00118, 13.514, -1.706, 0.935, -37.464, -9.113, -4.491, -16.7268583333, -10.9802444444, -4.491
00119, 13.609, -1.575, 1.079, -38.601, -8.43, -4.763, -17.8638583333, -10.2972444444, -4.763
00120, 13.609, -1.575, 1.079, -38.601, -8.43, -4.763, -17.8638583333, -10.2972444444, -4.763
00121, 13.762, -1.253, 1.39, -41.116, -6.715, -5.606, -20.3788583333, -8.58224444444, -5.606
00122, 13.762, -1.253, 1.39, -41.116, -6.715, -5.606, -20.3788583333, -8.58224444444, -5.606
00123, 13.874, -0.899, 1.788, -43.836, -4.829, -6.531, -23.0988583333, -6.69624444444, -6.531
00124, 13.874, -0.899, 1.788, -43.836, -4.829, -6.531, -23.0988583333, -6.69624444444, -6.531
00125, 13.84, -0.56, 2.122, -45.332, -2.84, -7.129, -24.5948583333, -4.70724444444, -7.129
00126, 13.84, -0.56, 2.122, -45.332, -2.84, -7.129, -24.5948583333, -4.70724444444, -7.129
00127, 13.546, -0.19, 2.354, -44.747, -0.264, -7.369, -24.0098583333, -2.13124444444, -7.369
00128, 13.546, -0.19, 2.354, -44.747, -0.264, -7.369, -24.0098583333, -2.13124444444, -7.369
00129, 13.046, 0.199, 2.497, -42.637, 2.49, -7.498, -21.8998583333, 0.622755555556, -7.498
00130, 13.046, 0.199, 2.497, -42.637, 2.49, -7.498, -21.8998583333, 0.622755555556, -7.498
00131, 12.419, 0.513, 2.543, -39.301, 4.696, -7.606, -18.5638583333, 2.82875555556, -7.606
00132, 12.419, 0.513, 2.543, -39.301, 4.696, -7.606, -18.5638583333, 2.82875555556, -7.606
00133, 11.772, 0.749, 2.532, -35.547, 6.529, -7.682, -14.8098583333, 4.66175555556, -7.682
00134, 11.772, 0.749, 2.532, -35.547, 6.529, -7.682, -14.8098583333, 4.66175555556, -7.682
00135, 11.043, 1.032, 2.577, -31.585, 8.9, -7.917, -10.8478583333, 7.03275555556, -7.917
00136, 11.043, 1.032, 2.577, -31.585, 8.9, -7.917, -10.8478583333, 7.03275555556, -7.917
00137, 10.403, 1.273, 2.755, -28.433, 10.976, -8.123, -7.69585833333, 9.10875555556, -8.123
00138, 10.403, 1.273, 2.755, -28.433, 10.976, -8.123, -7.69585833333, 9.10875555556, -8.123
00139, 9.989, 1.48, 2.947, -26.531, 12.643, -8.192, -5.79385833333, 10.7757555556, -8.192
00140, 9.989, 1.48, 2.947, -26.531, 12.643, -8.192, -5.79385833333, 10.7757555556, -8.192
00141, 9.673, 1.668, 3.186, -25.139, 14.317, -8.062, -4.40185833333, 12.4497555556, -8.062
00142, 9.673, 1.668, 3.186, -25.139, 14.317, -8.062, -4.40185833333, 12.4497555556, -8.062
00143, 9.428, 1.829, 3.454, -24.172, 15.982, -7.866, -3.43485833333, 14.1147555556, -7.866
00144, 9.428, 1.829, 3.454, -24.172, 15.982, -7.866, -3.43485833333, 14.1147555556, -7.866
00145, 9.202, 1.975, 3.672, -23.088, 17.594, -7.677, -2.35085833333, 15.7267555556, -7.677
00146, 9.202, 1.975, 3.672, -23.088, 17.594, -7.677, -2.35085833333, 15.7267555556, -7.677
00147, 8.945, 2.105, 3.829, -21.53, 18.969, -7.445, -0.792858333333, 17.1017555556, -7.445
00148, 8.945, 2.105, 3.829, -21.53, 18.969, -7.445, -0.792858333333, 17.1017555556, -7.445
00149, 8.728, 2.211, 3.921, -19.816, 20.071, -7.012, 0.921141666667, 18.2037555556, -7.012
00150, 8.728, 2.211, 3.921, -19.816, 20.071, -7.012, 0.921141666667, 18.2037555556, -7.012
00151, 8.514, 2.298, 3.96, -17.763, 20.879, -6.528, 2.97414166667, 19.0117555556, -6.528
00152, 8.514, 2.298, 3.96, -17.763, 20.879, -6.528, 2.97414166667, 19.0117555556, -6.528
00153, 8.245, 2.338, 3.946, -15.179, 21.292, -6.033, 5.55814166667, 19.4247555556, -6.033
00154, 8.245, 2.338, 3.946, -15.179, 21.292, -6.033, 5.55814166667, 19.4247555556, -6.033
00155, 7.982, 2.344, 3.927, -12.607, 21.447, -5.558, 8.13014166667, 19.5797555556, -5.558
00156, 7.982, 2.344, 3.927, -12.607, 21.447, -5.558, 8.13014166667, 19.5797555556, -5.558
00157, 7.768, 2.314, 3.891, -10.224, 21.298, -4.927, 10.5131416667, 19.4307555556, -4.927
00158, 7.768, 2.314, 3.891, -10.224, 21.298, -4.927, 10.5131416667, 19.4307555556, -4.927
00159, 7.623, 2.295, 3.827, -8.311, 21.173, -4.353, 12.4261416667, 19.3057555556, -4.353
00160, 7.623, 2.295, 3.827, -8.311, 21.173, -4.353, 12.4261416667, 19.3057555556, -4.353
00161, 7.547, 2.27, 3.759, -7.062, 21.052, -3.917, 13.6751416667, 19.1847555556, -3.917
00162, 7.547, 2.27, 3.759, -7.062, 21.052, -3.917, 13.6751416667, 19.1847555556, -3.917
00163, 7.431, 2.263, 3.712, -5.412, 21.052, -3.568, 15.3251416667, 19.1847555556, -3.568
00164, 7.431, 2.263, 3.712, -5.412, 21.052, -3.568, 15.3251416667, 19.1847555556, -3.568
00165, 7.227, 2.334, 3.716, -2.902, 21.795, -2.722, 17.8351416667, 19.9277555556, -2.722
00166, 7.227, 2.334, 3.716, -2.902, 21.795, -2.722, 17.8351416667, 19.9277555556, -2.722
00167, 7.037, 2.437, 3.847, 0.037, 23.159, -1.368, 20.7741416667, 21.2917555556, -1.368
00168, 7.037, 2.437, 3.847, 0.037, 23.159, -1.368, 20.7741416667, 21.2917555556, -1.368
00169, 6.921, 2.493, 3.992, 2.462, 23.905, -0.156, 23.1991416667, 22.0377555556, -0.156
00170, 6.921, 2.493, 3.992, 2.462, 23.905, -0.156, 23.1991416667, 22.0377555556, -0.156
00171, 6.877, 2.524, 4.082, 3.769, 24.171, 0.403, 24.5061416667, 22.3037555556, 0.403
00172, 6.877, 2.524, 4.082, 3.769, 24.171, 0.403, 24.5061416667, 22.3037555556, 0.403
00173, 6.829, 2.552, 4.155, 4.697, 24.481, 0.626, 25.4341416667, 22.6137555556, 0.626
00174, 6.829, 2.552, 4.155, 4.697, 24.481, 0.626, 25.4341416667, 22.6137555556, 0.626
00175, 6.732, 2.579, 4.252, 5.841, 24.761, 0.74, 26.5781416667, 22.8937555556, 0.74
00176, 6.732, 2.579, 4.252, 5.841, 24.761, 0.74, 26.5781416667, 22.8937555556, 0.74
00177, 6.689, 2.623, 4.39, 6.571, 25.153, 0.882, 27.3081416667, 23.2857555556, 0.882
00178, 6.689, 2.623, 4.39, 6.571, 25.153, 0.882, 27.3081416667, 23.2857555556, 0.882
00179, 6.726, 2.665, 4.508, 6.634, 25.501, 1.005, 27.3711416667, 23.6337555556, 1.005
00180, 6.726, 2.665, 4.508, 6.634, 25.501, 1.005, 27.3711416667, 23.6337555556, 1.005
00181, 6.822, 2.703, 4.61, 6.21, 25.833, 1.093, 26.9471416667, 23.9657555556, 1.093
00182, 6.822, 2.703, 4.61, 6.21, 25.833, 1.093, 26.9471416667, 23.9657555556, 1.093
00183, 6.92, 2.741, 4.678, 5.834, 26.224, 1.334, 26.5711416667, 24.3567555556, 1.334
00184, 6.92, 2.741, 4.678, 5.834, 26.224, 1.334, 26.5711416667, 24.3567555556, 1.334
00185, 6.939, 2.767, 4.711, 5.981, 26.516, 1.578, 26.7181416667, 24.6487555556, 1.578
00186, 6.939, 2.767, 4.711, 5.981, 26.516, 1.578, 26.7181416667, 24.6487555556, 1.578
00187, 6.887, 2.815, 4.727, 6.619, 26.874, 1.95, 27.3561416667, 25.0067555556, 1.95
00188, 6.887, 2.815, 4.727, 6.619, 26.874, 1.95, 27.3561416667, 25.0067555556, 1.95
00189, 6.84, 2.821, 4.736, 7.177, 27.066, 2.206, 27.9141416667, 25.1987555556, 2.206
00190, 6.84, 2.821, 4.736, 7.177, 27.066, 2.206, 27.9141416667, 25.1987555556, 2.206
00191, 6.802, 2.815, 4.746, 7.472, 27.149, 2.234, 28.2091416667, 25.2817555556, 2.234
00192, 6.802, 2.815, 4.746, 7.472, 27.149, 2.234, 28.2091416667, 25.2817555556, 2.234
00193, 6.778, 2.813, 4.755, 7.528, 27.182, 2.136, 28.2651416667, 25.3147555556, 2.136
00194, 6.778, 2.813, 4.755, 7.528, 27.182, 2.136, 28.2651416667, 25.3147555556, 2.136
00195, 6.787, 2.816, 4.773, 7.422, 27.183, 2.13, 28.1591416667, 25.3157555556, 2.13
00196, 6.787, 2.816, 4.773, 7.422, 27.183, 2.13, 28.1591416667, 25.3157555556, 2.13
00197, 6.802, 2.806, 4.793, 7.202, 27.094, 2.081, 27.9391416667, 25.2267555556, 2.081
00198, 6.802, 2.806, 4.793, 7.202, 27.094, 2.081, 27.9391416667, 25.2267555556, 2.081
00199, 6.824, 2.796, 4.826, 6.974, 27.023, 1.998, 27.7111416667, 25.1557555556, 1.998
00200, 6.824, 2.796, 4.826, 6.974, 27.023, 1.998, 27.7111416667, 25.1557555556, 1.998
00201, 6.835, 2.787, 4.841, 6.816, 26.906, 1.943, 27.5531416667, 25.0387555556, 1.943
00202, 6.835, 2.787, 4.841, 6.816, 26.906, 1.943, 27.5531416667, 25.0387555556, 1.943
00203, 6.855, 2.771, 4.844, 6.646, 26.764, 1.92, 27.3831416667, 24.8967555556, 1.92
00204, 6.855, 2.771, 4.844, 6.646, 26.764, 1.92, 27.3831416667, 24.8967555556, 1.92
00205, 6.894, 2.76, 4.831, 6.39, 26.676, 1.938, 27.1271416667, 24.8087555556, 1.938
00206, 6.894, 2.76, 4.831, 6.39, 26.676, 1.938, 27.1271416667, 24.8087555556, 1.938
00207, 6.96, 2.748, 4.798, 5.964, 26.618, 1.877, 26.7011416667, 24.7507555556, 1.877
00208, 6.96, 2.748, 4.798, 5.964, 26.618, 1.877, 26.7011416667, 24.7507555556, 1.877
00209, 7.058, 2.757, 4.764, 5.332, 26.611, 1.787, 26.0691416667, 24.7437555556, 1.787
00210, 7.058, 2.757, 4.764, 5.332, 26.611, 1.787, 26.0691416667, 24.7437555556, 1.787
00211, 7.197, 2.782, 4.744, 4.379, 26.822, 1.729, 25.1161416667, 24.9547555556, 1.729
00212, 7.197, 2.782, 4.744, 4.379, 26.822, 1.729, 25.1161416667, 24.9547555556, 1.729
00213, 7.404, 2.8, 4.725, 2.899, 27.017, 1.685, 23.6361416667, 25.1497555556, 1.685
00214, 7.404, 2.8, 4.725, 2.899, 27.017, 1.685, 23.6361416667, 25.1497555556, 1.685
00215, 7.638, 2.83, 4.713, 1.308, 27.283, 1.679, 22.0451416667, 25.4157555556, 1.679
00216, 7.638, 2.83, 4.713, 1.308, 27.283, 1.679, 22.0451416667, 25.4157555556, 1.679
00217, 7.831, 2.856, 4.72, 0.247, 27.578, 1.771, 20.9841416667, 25.7107555556, 1.771
00218, 7.831, 2.856, 4.72, 0.247, 27.578, 1.771, 20.9841416667, 25.7107555556, 1.771
00219, 7.942, 2.858, 4.738, -0.029, 27.85, 1.984, 20.7081416667, 25.9827555556, 1.984
00220, 7.942, 2.858, 4.738, -0.029, 27.85, 1.984, 20.7081416667, 25.9827555556, 1.984
00221, 7.994, 2.86, 4.743, 0.047, 28.029, 2.173, 20.7841416667, 26.1617555556, 2.173
00222, 7.994, 2.86, 4.743, 0.047, 28.029, 2.173, 20.7841416667, 26.1617555556, 2.173
00223, 8.025, 2.854, 4.736, 0.209, 27.996, 2.277, 20.9461416667, 26.1287555556, 2.277
00224, 8.025, 2.854, 4.736, 0.209, 27.996, 2.277, 20.9461416667, 26.1287555556, 2.277
00225, 7.987, 2.853, 4.734, 0.746, 28.077, 2.342, 21.4831416667, 26.2097555556, 2.342
00226, 7.987, 2.853, 4.734, 0.746, 28.077, 2.342, 21.4831416667, 26.2097555556, 2.342
00227, 7.865, 2.846, 4.74, 1.902, 28.186, 2.398, 22.6391416667, 26.3187555556, 2.398
00228, 7.865, 2.846, 4.74, 1.902, 28.186, 2.398, 22.6391416667, 26.3187555556, 2.398
00229, 7.621, 2.789, 4.725, 4.041, 27.937, 2.512, 24.7781416667, 26.0697555556, 2.512
00230, 7.621, 2.789, 4.725, 4.041, 27.937, 2.512, 24.7781416667, 26.0697555556, 2.512
00231, 7.229, 2.726, 4.701, 7.491, 27.345, 2.601, 28.2281416667, 25.4777555556, 2.601
00232, 7.229, 2.726, 4.701, 7.491, 27.345, 2.601, 28.2281416667, 25.4777555556, 2.601
00233, 6.766, 2.624, 4.642, 11.27, 26.339, 2.409, 32.0071416667, 24.4717555556, 2.409
00234, 6.766, 2.624, 4.642, 11.27, 26.339, 2.409, 32.0071416667, 24.4717555556, 2.409
00235, 6.357, 2.458, 4.529, 14.407, 25.003, 2.182, 35.1441416667, 23.1357555556, 2.182
00236, 6.357, 2.458, 4.529, 14.407, 25.003, 2.182, 35.1441416667, 23.1357555556, 2.182
00237, 6.15, 2.328, 4.4, 15.811, 23.931, 2.096, 36.5481416667, 22.0637555556, 2.096
00238, 6.15, 2.328, 4.4, 15.811, 23.931, 2.096, 36.5481416667, 22.0637555556, 2.096
00239, 6.087, 2.262, 4.324, 16.14, 23.281, 2.129, 36.8771416667, 21.4137555556, 2.129
00240, 6.087, 2.262, 4.324, 16.14, 23.281, 2.129, 36.8771416667, 21.4137555556, 2.129
00241, 6.011, 2.257, 4.325, 16.679, 23.034, 2.057, 37.4161416667, 21.1667555556, 2.057
00242, 6.011, 2.257, 4.325, 16.679, 23.034, 2.057, 37.4161416667, 21.1667555556, 2.057
00243, 5.763, 2.219, 4.396, 18.638, 22.706, 1.548, 39.3751416667, 20.8387555556, 1.548
00244, 5.763, 2.219, 4.396, 18.638, 22.706, 1.548, 39.3751416667, 20.8387555556, 1.548
00245, 5.33, 2.084, 4.463, 21.928, 21.929, 1.056, 42.6651416667, 20.0617555556, 1.056
00246, 5.33, 2.084, 4.463, 21.928, 21.929, 1.056, 42.6651416667, 20.0617555556, 1.056
00247, 4.945, 1.904, 4.468, 24.768, 20.915, 0.763, 45.5051416667, 19.0477555556, 0.763
00248, 4.945, 1.904, 4.468, 24.768, 20.915, 0.763, 45.5051416667, 19.0477555556, 0.763
00249, 4.757, 1.806, 4.385, 26.076, 20.149, 0.725, 46.8131416667, 18.2817555556, 0.725
00250, 4.757, 1.806, 4.385, 26.076, 20.149, 0.725, 46.8131416667, 18.2817555556, 0.725
00251, 4.677, 1.733, 4.247, 26.684, 19.477, 0.748, 47.4211416667, 17.6097555556, 0.748
00252, 4.677, 1.733, 4.247, 26.684, 19.477, 0.748, 47.4211416667, 17.6097555556, 0.748
00253, 4.655, 1.657, 4.094, 27.131, 18.949, 0.976, 47.8681416667, 17.0817555556, 0.976
00254, 4.655, 1.657, 4.094, 27.131, 18.949, 0.976, 47.8681416667, 17.0817555556, 0.976
00255, 4.695, 1.618, 3.957, 27.302, 18.628, 1.32, 48.0391416667, 16.7607555556, 1.32
00256, 4.695, 1.618, 3.957, 27.302, 18.628, 1.32, 48.0391416667, 16.7607555556, 1.32
00257, 4.77, 1.612, 3.822, 27.114, 18.536, 1.693, 47.8511416667, 16.6687555556, 1.693
00258, 4.77, 1.612, 3.822, 27.114, 18.536, 1.693, 47.8511416667, 16.6687555556, 1.693
00259, 4.825, 1.618, 3.704, 26.854, 18.516, 1.968, 47.5911416667, 16.6487555556, 1.968
00260, 4.825, 1.618, 3.704, 26.854, 18.516, 1.968, 47.5911416667, 16.6487555556, 1.968
00261, 4.807, 1.623, 3.617, 26.942, 18.48, 2.145, 47.6791416667, 16.6127555556, 2.145
00262, 4.807, 1.623, 3.617, 26.942, 18.48, 2.145, 47.6791416667, 16.6127555556, 2.145
00263, 4.709, 1.616, 3.557, 27.375, 18.392, 2.21, 48.1121416667, 16.5247555556, 2.21
00264, 4.709, 1.616, 3.557, 27.375, 18.392, 2.21, 48.1121416667, 16.5247555556, 2.21
00265, 4.532, 1.584, 3.507, 28.2, 18.202, 2.23, 48.9371416667, 16.3347555556, 2.23
00266, 4.532, 1.584, 3.507, 28.2, 18.202, 2.23, 48.9371416667, 16.3347555556, 2.23
00267, 4.341, 1.529, 3.455, 29.11, 17.845, 2.243, 49.8471416667, 15.9777555556, 2.243
00268, 4.341, 1.529, 3.455, 29.11, 17.845, 2.243, 49.8471416667, 15.9777555556, 2.243
00269, 4.15, 1.444, 3.372, 29.854, 17.277, 2.11, 50.5911416667, 15.4097555556, 2.11
00270, 4.15, 1.444, 3.372, 29.854, 17.277, 2.11, 50.5911416667, 15.4097555556, 2.11
00271, 4.003, 1.358, 3.256, 30.128, 16.663, 1.891, 50.8651416667, 14.7957555556, 1.891
00272, 4.003, 1.358, 3.256, 30.128, 16.663, 1.891, 50.8651416667, 14.7957555556, 1.891
00273, 3.919, 1.309, 3.165, 29.991, 16.306, 1.688, 50.7281416667, 14.4387555556, 1.688
00274, 3.919, 1.309, 3.165, 29.991, 16.306, 1.688, 50.7281416667, 14.4387555556, 1.688
00275, 3.869, 1.28, 3.1, 29.703, 16.088, 1.565, 50.4401416667, 14.2207555556, 1.565
00276, 3.869, 1.28, 3.1, 29.703, 16.088, 1.565, 50.4401416667, 14.2207555556, 1.565
00277, 3.806, 1.234, 3.056, 29.541, 15.778, 1.357, 50.2781416667, 13.9107555556, 1.357
00278, 3.806, 1.234, 3.056, 29.541, 15.778, 1.357, 50.2781416667, 13.9107555556, 1.357
00279, 3.719, 1.211, 3.025, 29.583, 15.521, 1.184, 50.3201416667, 13.6537555556, 1.184
00280, 3.719, 1.211, 3.025, 29.583, 15.521, 1.184, 50.3201416667, 13.6537555556, 1.184
00281, 3.649, 1.208, 3.019, 29.658, 15.483, 1.088, 50.3951416667, 13.6157555556, 1.088
00282, 3.649, 1.208, 3.019, 29.658, 15.483, 1.088, 50.3951416667, 13.6157555556, 1.088
00283, 3.626, 1.203, 3.027, 29.594, 15.499, 1.023, 50.3311416667, 13.6317555556, 1.023
00284, 3.626, 1.203, 3.027, 29.594, 15.499, 1.023, 50.3311416667, 13.6317555556, 1.023
00285, 3.632, 1.202, 3.046, 29.419, 15.56, 0.921, 50.1561416667, 13.6927555556, 0.921
00286, 3.632, 1.202, 3.046, 29.419, 15.56, 0.921, 50.1561416667, 13.6927555556, 0.921
00287, 3.702, 1.226, 3.047, 28.829, 15.725, 0.854, 49.5661416667, 13.8577555556, 0.854
00288, 3.702, 1.226, 3.047, 28.829, 15.725, 0.854, 49.5661416667, 13.8577555556, 0.854
00289, 3.974, 1.275, 2.981, 26.631, 16.004, 0.741, 47.3681416667, 14.1367555556, 0.741
00290, 3.974, 1.275, 2.981, 26.631, 16.004, 0.741, 47.3681416667, 14.1367555556, 0.741
00291, 4.58, 1.309, 2.803, 21.57, 16.027, 0.206, 42.3071416667, 14.1597555556, 0.206
00292, 4.58, 1.309, 2.803, 21.57, 16.027, 0.206, 42.3071416667, 14.1597555556, 0.206
00293, 5.588, 1.29, 2.577, 13.33, 15.452, -0.73, 34.0671416667, 13.5847555556, -0.73
00294, 5.588, 1.29, 2.577, 13.33, 15.452, -0.73, 34.0671416667, 13.5847555556, -0.73
00295, 6.65, 1.252, 2.392, 5.082, 14.594, -1.359, 25.8191416667, 12.7267555556, -1.359
00296, 6.65, 1.252, 2.392, 5.082, 14.594, -1.359, 25.8191416667, 12.7267555556, -1.359
00297, 7.461, 1.224, 2.249, -0.597, 13.928, -1.186, 20.1401416667, 12.0607555556, -1.186
00298, 7.461, 1.224, 2.249, -0.597, 13.928, -1.186, 20.1401416667, 12.0607555556, -1.186
00299, 7.894, 1.122, 2.085, -2.987, 12.91, -0.734, 17.7501416667, 11.0427555556, -0.734
00300, 7.894, 1.122, 2.085, -2.987, 12.91, -0.734, 17.7501416667, 11.0427555556, -0.734
00301, 8.092, 1.017, 1.887, -3.649, 12.008, -0.435, 17.0881416667, 10.1407555556, -0.435
00302, 8.092, 1.017, 1.887, -3.649, 12.008, -0.435, 17.0881416667, 10.1407555556, -0.435
00303, 8.197, 0.877, 1.654, -3.842, 10.801, -0.34, 16.8951416667, 8.93375555556, -0.34
00304, 8.197, 0.877, 1.654, -3.842, 10.801, -0.34, 16.8951416667, 8.93375555556, -0.34
00305, 8.296, 0.659, 1.449, -4.248, 9.256, -0.45, 16.4891416667, 7.38875555556, -0.45
00306, 8.296, 0.659, 1.449, -4.248, 9.256, -0.45, 16.4891416667, 7.38875555556, -0.45
00307, 8.434, 0.482, 1.284, -5.059, 8.08, -0.773, 15.6781416667, 6.21275555556, -0.773
00308, 8.434, 0.482, 1.284, -5.059, 8.08, -0.773, 15.6781416667, 6.21275555556, -0.773
00309, 8.616, 0.368, 1.159, -6.14, 7.309, -1.16, 14.5971416667, 5.44175555556, -1.16
00310, 8.616, 0.368, 1.159, -6.14, 7.309, -1.16, 14.5971416667, 5.44175555556, -1.16
00311, 8.817, 0.322, 1.069, -7.198, 6.969, -1.394, 13.5391416667, 5.10175555556, -1.394
00312, 8.817, 0.322, 1.069, -7.198, 6.969, -1.394, 13.5391416667, 5.10175555556, -1.394
00313, 9.0, 0.306, 1.025, -8.067, 6.851, -1.481, 12.6701416667, 4.98375555556, -1.481
00314, 9.0, 0.306, 1.025, -8.067, 6.851, -1.481, 12.6701416667, 4.98375555556, -1.481
00315, 9.153, 0.288, 1.018, -8.709, 6.776, -1.58, 12.0281416667, 4.90875555556, -1.58
00316, 9.153, 0.288, 1.018, -8.709, 6.776, -1.58, 12.0281416667, 4.90875555556, -1.58
00317, 9.226, 0.271, 1.016, -8.95, 6.659, -1.677, 11.7871416667, 4.79175555556, -1.677
00318, 9.226, 0.271, 1.016, -8.95, 6.659, -1.677, 11.7871416667, 4.79175555556, -1.677
00319, 9.257, 0.248, 1.023, -9.07, 6.471, -1.785, 11.6671416667, 4.60375555556, -1.785
00320, 9.257, 0.248, 1.023, -9.07, 6.471, -1.785, 11.6671416667, 4.60375555556, -1.785
00321, 9.307, 0.204, 1.053, -9.455, 6.181, -1.878, 11.2821416667, 4.31375555556, -1.878
00322, 9.307, 0.204, 1.053, -9.455, 6.181, -1.878, 11.2821416667, 4.31375555556, -1.878
00323, 9.447, 0.151, 1.101, -10.528, 5.822, -1.913, 10.2091416667, 3.95475555556, -1.913
00324, 9.447, 0.151, 1.101, -10.528, 5.822, -1.913, 10.2091416667, 3.95475555556, -1.913
00325, 9.671, 0.102, 1.164, -12.227, 5.335, -1.988, 8.51014166667, 3.46775555556, -1.988
00326, 9.671, 0.102, 1.164, -12.227, 5.335, -1.988, 8.51014166667, 3.46775555556, -1.988
00327, 9.926, 0.05, 1.243, -14.136, 4.843, -2.112, 6.60114166667, 2.97575555556, -2.112
00328, 9.926, 0.05, 1.243, -14.136, 4.843, -2.112, 6.60114166667, 2.97575555556, -2.112
00329, 10.089, 0.016, 1.322, -15.241, 4.587, -2.151, 5.49614166667, 2.71975555556, -2.151
00330, 10.089, 0.016, 1.322, -15.241, 4.587, -2.151, 5.49614166667, 2.71975555556, -2.151
00331, 10.099, -0.009, 1.358, -15.132, 4.396, -2.096, 5.60514166667, 2.52875555556, -2.096
00332, 10.099, -0.009, 1.358, -15.132, 4.396, -2.096, 5.60514166667, 2.52875555556, -2.096
00333, 9.977, -0.041, 1.328, -14.02, 4.173, -2.096, 6.71714166667, 2.30575555556, -2.096
00334, 9.977, -0.041, 1.328, -14.02, 4.173, -2.096, 6.71714166667, 2.30575555556, -2.096
00335, 9.754, -0.102, 1.228, -12.217, 3.812, -2.142, 8.52014166667, 1.94475555556, -2.142
00336, 9.754, -0.102, 1.228, -12.217, 3.812, -2.142, 8.52014166667, 1.94475555556, -2.142
00337, 9.46, -0.217, 1.056, -9.907, 3.141, -2.213, 10.8301416667, 1.27375555556, -2.213
00338, 9.46, -0.217, 1.056, -9.907, 3.141, -2.213, 10.8301416667, 1.27375555556, -2.213
00339, 9.157, -0.361, 0.864, -7.647, 2.303, -2.379, 13.0901416667, 0.435755555556, -2.379
00340, 9.157, -0.361, 0.864, -7.647, 2.303, -2.379, 13.0901416667, 0.435755555556, -2.379
00341, 8.884, -0.483, 0.68, -5.704, 1.664, -2.521, 15.0331416667, -0.203244444444, -2.521
00342, 8.884, -0.483, 0.68, -5.704, 1.664, -2.521, 15.0331416667, -0.203244444444, -2.521
00343, 8.616, -0.548, 0.543, -3.912, 1.36, -2.672, 16.8251416667, -0.507244444444, -2.672
00344, 8.616, -0.548, 0.543, -3.912, 1.36, -2.672, 16.8251416667, -0.507244444444, -2.672
00345, 8.35, -0.55, 0.473, -2.261, 1.404, -2.81, 18.4761416667, -0.463244444444, -2.81
00346, 8.35, -0.55, 0.473, -2.261, 1.404, -2.81, 18.4761416667, -0.463244444444, -2.81
00347, 8.081, -0.534, 0.452, -0.731, 1.581, -2.958, 20.0061416667, -0.286244444444, -2.958
00348, 8.081, -0.534, 0.452, -0.731, 1.581, -2.958, 20.0061416667, -0.286244444444, -2.958
00349, 7.772, -0.484, 0.443, 0.931, 1.936, -3.128, 21.6681416667, 0.0687555555556, -3.128
00350, 7.772, -0.484, 0.443, 0.931, 1.936, -3.128, 21.6681416667, 0.0687555555556, -3.128
00351, 7.45, -0.427, 0.452, 2.615, 2.412, -3.263, 23.3521416667, 0.544755555556, -3.263
00352, 7.45, -0.427, 0.452, 2.615, 2.412, -3.263, 23.3521416667, 0.544755555556, -3.263
00353, 7.139, -0.386, 0.468, 4.261, 2.876, -3.291, 24.9981416667, 1.00875555556, -3.291
00354, 7.139, -0.386, 0.468, 4.261, 2.876, -3.291, 24.9981416667, 1.00875555556, -3.291
00355, 6.835, -0.352, 0.488, 5.818, 3.288, -3.306, 26.5551416667, 1.42075555556, -3.306
00356, 6.835, -0.352, 0.488, 5.818, 3.288, -3.306, 26.5551416667, 1.42075555556, -3.306
00357, 6.594, -0.311, 0.511, 6.912, 3.714, -3.364, 27.6491416667, 1.84675555556, -3.364
00358, 6.594, -0.311, 0.511, 6.912, 3.714, -3.364, 27.6491416667, 1.84675555556, -3.364
00359, 6.433, -0.256, 0.549, 7.548, 4.192, -3.394, 28.2851416667, 2.32475555556, -3.394
00360, 6.433, -0.256, 0.549, 7.548, 4.192, -3.394, 28.2851416667, 2.32475555556, -3.394
00361, 6.316, -0.182, 0.619, 7.902, 4.744, -3.388, 28.6391416667, 2.87675555556, -3.388
00362, 6.316, -0.182, 0.619, 7.902, 4.744, -3.388, 28.6391416667, 2.87675555556, -3.388
00363, 6.259, -0.034, 0.744, 7.902, 5.684, -3.311, 28.6391416667, 3.81675555556, -3.311
00364, 6.259, -0.034, 0.744, 7.902, 5.684, -3.311, 28.6391416667, 3.81675555556, -3.311
00365, 6.243, 0.23, 0.948, 7.685, 7.342, -3.232, 28.4221416667, 5.47475555556, -3.232
00366, 6.243, 0.23, 0.948, 7.685, 7.342, -3.232, 28.4221416667, 5.47475555556, -3.232
00367, 6.229, 0.579, 1.262, 7.486, 9.613, -3.207, 28.2231416667, 7.74575555556, -3.207
00368, 6.229, 0.579, 1.262, 7.486, 9.613, -3.207, 28.2231416667, 7.74575555556, -3.207
00369, 6.212, 0.904, 1.665, 7.397, 11.859, -3.204, 28.1341416667, 9.99175555556, -3.204
00370, 6.212, 0.904, 1.665, 7.397, 11.859, -3.204, 28.1341416667, 9.99175555556, -3.204
00371, 6.189, 1.122, 2.002, 7.379, 13.455, -3.238, 28.1161416667, 11.5877555556, -3.238
00372, 6.189, 1.122, 2.002, 7.379, 13.455, -3.238, 28.1161416667, 11.5877555556, -3.238
00373, 6.185, 1.283, 2.28, 7.274, 14.691, -3.29, 28.0111416667, 12.8237555556, -3.29
00374, 6.185, 1.283, 2.28, 7.274, 14.691, -3.29, 28.0111416667, 12.8237555556, -3.29
00375, 6.235, 1.399, 2.48, 6.868, 15.673, -3.259, 27.6051416667, 13.8057555556, -3.259
00376, 6.235, 1.399, 2.48, 6.868, 15.673, -3.259, 27.6051416667, 13.8057555556, -3.259
00377, 6.329, 1.494, 2.639, 6.22, 16.491, -3.188, 26.9571416667, 14.6237555556, -3.188
00378, 6.329, 1.494, 2.639, 6.22, 16.491, -3.188, 26.9571416667, 14.6237555556, -3.188
00379, 6.443, 1.58, 2.782, 5.425, 17.149, -3.12, 26.1621416667, 15.2817555556, -3.12
00380, 6.443, 1.58, 2.782, 5.425, 17.149, -3.12, 26.1621416667, 15.2817555556, -3.12
00381, 6.563, 1.666, 2.913, 4.526, 17.768, -3.039, 25.2631416667, 15.9007555556, -3.039
00382, 6.563, 1.666, 2.913, 4.526, 17.768, -3.039, 25.2631416667, 15.9007555556, -3.039
00383, 6.661, 1.734, 3.008, 3.683, 18.22, -3.061, 24.4201416667, 16.3527555556, -3.061
00384, 6.661, 1.734, 3.008, 3.683, 18.22, -3.061, 24.4201416667, 16.3527555556, -3.061
00385, 6.739, 1.804, 3.097, 2.926, 18.72, -3.067, 23.6631416667, 16.8527555556, -3.067
00386, 6.739, 1.804, 3.097, 2.926, 18.72, -3.067, 23.6631416667, 16.8527555556, -3.067
00387, 6.792, 1.864, 3.16, 2.34, 19.123, -3.043, 23.0771416667, 17.2557555556, -3.043
00388, 6.792, 1.864, 3.16, 2.34, 19.123, -3.043, 23.0771416667, 17.2557555556, -3.043
00389, 6.839, 1.909, 3.184, 1.82, 19.385, -3.032, 22.5571416667, 17.5177555556, -3.032
00390, 6.839, 1.909, 3.184, 1.82, 19.385, -3.032, 22.5571416667, 17.5177555556, -3.032
00391, 6.871, 1.939, 3.194, 1.401, 19.576, -3.023, 22.1381416667, 17.7087555556, -3.023
00392, 6.871, 1.939, 3.194, 1.401, 19.576, -3.023, 22.1381416667, 17.7087555556, -3.023
00393, 6.894, 1.948, 3.188, 1.125, 19.684, -3.003, 21.8621416667, 17.8167555556, -3.003
00394, 6.894, 1.948, 3.188, 1.125, 19.684, -3.003, 21.8621416667, 17.8167555556, -3.003
00395, 6.912, 1.956, 3.185, 0.89, 19.843, -2.998, 21.6271416667, 17.9757555556, -2.998
00396, 6.912, 1.956, 3.185, 0.89, 19.843, -2.998, 21.6271416667, 17.9757555556, -2.998
00397, 6.925, 1.983, 3.186, 0.697, 19.957, -3.012, 21.4341416667, 18.0897555556, -3.012
00398, 6.925, 1.983, 3.186, 0.697, 19.957, -3.012, 21.4341416667, 18.0897555556, -3.012
00399, 6.947, 2.007, 3.203, 0.507, 20.12, -3.001, 21.2441416667, 18.2527555556, -3.001
00400, 6.947, 2.007, 3.203, 0.507, 20.12, -3.001, 21.2441416667, 18.2527555556, -3.001
00401, 6.997, 2.04, 3.259, 0.279, 20.436, -2.741, 21.0161416667, 18.5687555556, -2.741
00402, 6.997, 2.04, 3.259, 0.279, 20.436, -2.741, 21.0161416667, 18.5687555556, -2.741
00403, 7.118, 2.084, 3.364, -0.341, 20.834, -2.493, 20.3961416667, 18.9667555556, -2.493
00404, 7.118, 2.084, 3.364, -0.341, 20.834, -2.493, 20.3961416667, 18.9667555556, -2.493
00405, 7.258, 2.164, 3.484, -1.281, 21.445, -2.457, 19.4561416667, 19.5777555556, -2.457
00406, 7.258, 2.164, 3.484, -1.281, 21.445, -2.457, 19.4561416667, 19.5777555556, -2.457
00407, 7.377, 2.244, 3.617, -2.104, 22.173, -2.502, 18.6331416667, 20.3057555556, -2.502
00408, 7.377, 2.244, 3.617, -2.104, 22.173, -2.502, 18.6331416667, 20.3057555556, -2.502
00409, 7.47, 2.294, 3.755, -2.691, 22.737, -2.529, 18.0461416667, 20.8697555556, -2.529
00410, 7.47, 2.294, 3.755, -2.691, 22.737, -2.529, 18.0461416667, 20.8697555556, -2.529
00411, 7.561, 2.321, 3.885, -3.15, 23.038, -2.546, 17.5871416667, 21.1707555556, -2.546
00412, 7.561, 2.321, 3.885, -3.15, 23.038, -2.546, 17.5871416667, 21.1707555556, -2.546
00413, 7.659, 2.357, 4.012, -3.62, 23.266, -2.554, 17.1171416667, 21.3987555556, -2.554
00414, 7.659, 2.357, 4.012, -3.62, 23.266, -2.554, 17.1171416667, 21.3987555556, -2.554
00415, 7.744, 2.384, 4.123, -4.02, 23.433, -2.597, 16.7171416667, 21.5657555556, -2.597
00416, 7.744, 2.384, 4.123, -4.02, 23.433, -2.597, 16.7171416667, 21.5657555556, -2.597
00417, 7.823, 2.399, 4.216, -4.309, 23.63, -2.576, 16.4281416667, 21.7627555556, -2.576
00418, 7.823, 2.399, 4.216, -4.309, 23.63, -2.576, 16.4281416667, 21.7627555556, -2.576
00419, 7.879, 2.416, 4.28, -4.47, 23.72, -2.551, 16.2671416667, 21.8527555556, -2.551
00420, 7.879, 2.416, 4.28, -4.47, 23.72, -2.551, 16.2671416667, 21.8527555556, -2.551
00421, 7.928, 2.426, 4.336, -4.659, 23.737, -2.564, 16.0781416667, 21.8697555556, -2.564
00422, 7.928, 2.426, 4.336, -4.659, 23.737, -2.564, 16.0781416667, 21.8697555556, -2.564
00423, 7.951, 2.419, 4.368, -4.791, 23.782, -2.578, 15.9461416667, 21.9147555556, -2.578
00424, 7.951, 2.419, 4.368, -4.791, 23.782, -2.578, 15.9461416667, 21.9147555556, -2.578
00425, 7.962, 2.411, 4.389, -4.899, 23.861, -2.573, 15.8381416667, 21.9937555556, -2.573
00426, 7.962, 2.411, 4.389, -4.899, 23.861, -2.573, 15.8381416667, 21.9937555556, -2.573
00427, 7.964, 2.41, 4.396, -5.001, 23.915, -2.572, 15.7361416667, 22.0477555556, -2.572
00428, 7.964, 2.41, 4.396, -5.001, 23.915, -2.572, 15.7361416667, 22.0477555556, -2.572
00429, 7.951, 2.418, 4.391, -5.116, 24.026, -2.615, 15.6211416667, 22.1587555556, -2.615
00430, 7.951, 2.418, 4.391, -5.116, 24.026, -2.615, 15.6211416667, 22.1587555556, -2.615
00431, 7.928, 2.417, 4.38, -5.237, 24.097, -2.682, 15.5001416667, 22.2297555556, -2.682
00432, 7.928, 2.417, 4.38, -5.237, 24.097, -2.682, 15.5001416667, 22.2297555556, -2.682
00433, 7.912, 2.427, 4.382, -5.463, 24.238, -2.754, 15.2741416667, 22.3707555556, -2.754
00434, 7.912, 2.427, 4.382, -5.463, 24.238, -2.754, 15.2741416667, 22.3707555556, -2.754
00435, 7.91, 2.447, 4.401, -5.82, 24.431, -2.807, 14.9171416667, 22.5637555556, -2.807
00436, 7.91, 2.447, 4.401, -5.82, 24.431, -2.807, 14.9171416667, 22.5637555556, -2.807
00437, 7.902, 2.472, 4.454, -6.243, 24.718, -2.897, 14.4941416667, 22.8507555556, -2.897
00438, 7.902, 2.472, 4.454, -6.243, 24.718, -2.897, 14.4941416667, 22.8507555556, -2.897
00439, 7.861, 2.525, 4.565, -6.482, 25.011, -2.971, 14.2551416667, 23.1437555556, -2.971
00440, 7.861, 2.525, 4.565, -6.482, 25.011, -2.971, 14.2551416667, 23.1437555556, -2.971
00441, 7.749, 2.616, 4.798, -6.473, 25.606, -3.151, 14.2641416667, 23.7387555556, -3.151
00442, 7.749, 2.616, 4.798, -6.473, 25.606, -3.151, 14.2641416667, 23.7387555556, -3.151
00443, 7.581, 2.735, 5.14, -6.184, 26.655, -3.384, 14.5531416667, 24.7877555556, -3.384
00444, 7.581, 2.735, 5.14, -6.184, 26.655, -3.384, 14.5531416667, 24.7877555556, -3.384
00445, 7.412, 2.806, 5.445, -5.707, 27.439, -3.526, 15.0301416667, 25.5717555556, -3.526
00446, 7.412, 2.806, 5.445, -5.707, 27.439, -3.526, 15.0301416667, 25.5717555556, -3.526
00447, 7.306, 2.83, 5.67, -5.425, 28.0, -3.595, 15.3121416667, 26.1327555556, -3.595
00448, 7.306, 2.83, 5.67, -5.425, 28.0, -3.595, 15.3121416667, 26.1327555556, -3.595
00449, 7.302, 2.825, 5.802, -5.569, 28.199, -3.529, 15.1681416667, 26.3317555556, -3.529
00450, 7.302, 2.825, 5.802, -5.569, 28.199, -3.529, 15.1681416667, 26.3317555556, -3.529
00451, 7.412, 2.799, 5.819, -6.29, 27.848, -3.288, 14.4471416667, 25.9807555556, -3.288
00452, 7.412, 2.799, 5.819, -6.29, 27.848, -3.288, 14.4471416667, 25.9807555556, -3.288
00453, 7.622, 2.741, 5.754, -7.626, 27.127, -3.044, 13.1111416667, 25.2597555556, -3.044
00454, 7.622, 2.741, 5.754, -7.626, 27.127, -3.044, 13.1111416667, 25.2597555556, -3.044
00455, 7.91, 2.669, 5.671, -9.448, 26.369, -2.747, 11.2891416667, 24.5017555556, -2.747
00456, 7.91, 2.669, 5.671, -9.448, 26.369, -2.747, 11.2891416667, 24.5017555556, -2.747
00457, 8.22, 2.605, 5.597, -11.447, 25.685, -2.44, 9.29014166667, 23.8177555556, -2.44
00458, 8.22, 2.605, 5.597, -11.447, 25.685, -2.44, 9.29014166667, 23.8177555556, -2.44
00459, 8.574, 2.551, 5.513, -13.971, 24.978, -2.233, 6.76614166667, 23.1107555556, -2.233
00460, 8.574, 2.551, 5.513, -13.971, 24.978, -2.233, 6.76614166667, 23.1107555556, -2.233
00461, 8.949, 2.492, 5.403, -16.796, 24.288, -2.252, 3.94114166667, 22.4207555556, -2.252
00462, 8.949, 2.492, 5.403, -16.796, 24.288, -2.252, 3.94114166667, 22.4207555556, -2.252
00463, 9.172, 2.449, 5.268, -18.363, 23.848, -2.299, 2.37414166667, 21.9807555556, -2.299
00464, 9.172, 2.449, 5.268, -18.363, 23.848, -2.299, 2.37414166667, 21.9807555556, -2.299
00465, 9.246, 2.437, 5.08, -18.851, 23.598, -2.51, 1.88614166667, 21.7307555556, -2.51
00466, 9.246, 2.437, 5.08, -18.851, 23.598, -2.51, 1.88614166667, 21.7307555556, -2.51
00467, 9.265, 2.418, 4.903, -19.03, 23.297, -2.779, 1.70714166667, 21.4297555556, -2.779
00468, 9.265, 2.418, 4.903, -19.03, 23.297, -2.779, 1.70714166667, 21.4297555556, -2.779
00469, 9.323, 2.379, 4.79, -19.699, 23.007, -3.061, 1.03814166667, 21.1397555556, -3.061
00470, 9.323, 2.379, 4.79, -19.699, 23.007, -3.061, 1.03814166667, 21.1397555556, -3.061
00471, 9.392, 2.356, 4.724, -20.533, 22.835, -3.392, 0.204141666667, 20.9677555556, -3.392
00472, 9.392, 2.356, 4.724, -20.533, 22.835, -3.392, 0.204141666667, 20.9677555556, -3.392
00473, 9.386, 2.363, 4.673, -20.768, 22.872, -3.611, -0.0308583333333, 21.0047555556, -3.611
00474, 9.386, 2.363, 4.673, -20.768, 22.872, -3.611, -0.0308583333333, 21.0047555556, -3.611
00475, 9.327, 2.392, 4.646, -20.563, 23.064, -3.738, 0.174141666667, 21.1967555556, -3.738
00476, 9.327, 2.392, 4.646, -20.563, 23.064, -3.738, 0.174141666667, 21.1967555556, -3.738
00477, 9.246, 2.414, 4.658, -20.325, 23.355, -3.902, 0.412141666667, 21.4877555556, -3.902
00478, 9.246, 2.414, 4.658, -20.325, 23.355, -3.902, 0.412141666667, 21.4877555556, -3.902
00479, 9.186, 2.429, 4.719, -20.41, 23.692, -4.099, 0.327141666667, 21.8247555556, -4.099
00480, 9.186, 2.429, 4.719, -20.41, 23.692, -4.099, 0.327141666667, 21.8247555556, -4.099
00481, 9.168, 2.42, 4.793, -20.679, 23.636, -4.142, 0.0581416666667, 21.7687555556, -4.142
00482, 9.168, 2.42, 4.793, -20.679, 23.636, -4.142, 0.0581416666667, 21.7687555556, -4.142
00483, 9.152, 2.407, 4.851, -20.922, 23.456, -4.119, -0.184858333333, 21.5887555556, -4.119
00484, 9.152, 2.407, 4.851, -20.922, 23.456, -4.119, -0.184858333333, 21.5887555556, -4.119
00485, 9.134, 2.379, 4.878, -21.197, 23.233, -4.172, -0.459858333333, 21.3657555556, -4.172
00486, 9.134, 2.379, 4.878, -21.197, 23.233, -4.172, -0.459858333333, 21.3657555556, -4.172
00487, 9.125, 2.365, 4.882, -21.501, 23.199, -4.297, -0.763858333333, 21.3317555556, -4.297
00488, 9.125, 2.365, 4.882, -21.501, 23.199, -4.297, -0.763858333333, 21.3317555556, -4.297
00489, 9.12, 2.38, 4.871, -21.811, 23.274, -4.52, -1.07385833333, 21.4067555556, -4.52
00490, 9.12, 2.38, 4.871, -21.811, 23.274, -4.52, -1.07385833333, 21.4067555556, -4.52
00491, 9.109, 2.399, 4.857, -21.889, 23.261, -4.638, -1.15185833333, 21.3937555556, -4.638
00492, 9.109, 2.399, 4.857, -21.889, 23.261, -4.638, -1.15185833333, 21.3937555556, -4.638
00493, 9.077, 2.396, 4.845, -21.611, 23.222, -4.654, -0.873858333333, 21.3547555556, -4.654
00494, 9.077, 2.396, 4.845, -21.611, 23.222, -4.654, -0.873858333333, 21.3547555556, -4.654
00495, 9.016, 2.397, 4.84, -21.084, 23.336, -4.697, -0.346858333333, 21.4687555556, -4.697
00496, 9.016, 2.397, 4.84, -21.084, 23.336, -4.697, -0.346858333333, 21.4687555556, -4.697
00497, 8.934, 2.402, 4.833, -20.342, 23.447, -4.745, 0.395141666667, 21.5797555556, -4.745
00498, 8.934, 2.402, 4.833, -20.342, 23.447, -4.745, 0.395141666667, 21.5797555556, -4.745
00499, 8.848, 2.405, 4.818, -19.428, 23.523, -4.751, 1.30914166667, 21.6557555556, -4.751
00500, 8.848, 2.405, 4.818, -19.428, 23.523, -4.751, 1.30914166667, 21.6557555556, -4.751
00501, 8.76, 2.403, 4.812, -18.442, 23.645, -4.727, 2.29514166667, 21.7777555556, -4.727
00502, 8.76, 2.403, 4.812, -18.442, 23.645, -4.727, 2.29514166667, 21.7777555556, -4.727
00503, 8.706, 2.395, 4.806, -17.729, 23.721, -4.693, 3.00814166667, 21.8537555556, -4.693
00504, 8.706, 2.395, 4.806, -17.729, 23.721, -4.693, 3.00814166667, 21.8537555556, -4.693
00505, 8.691, 2.384, 4.795, -17.381, 23.71, -4.612, 3.35614166667, 21.8427555556, -4.612
00506, 8.691, 2.384, 4.795, -17.381, 23.71, -4.612, 3.35614166667, 21.8427555556, -4.612
00507, 8.697, 2.361, 4.77, -17.259, 23.567, -4.552, 3.47814166667, 21.6997555556, -4.552
00508, 8.697, 2.361, 4.77, -17.259, 23.567, -4.552, 3.47814166667, 21.6997555556, -4.552
00509, 8.715, 2.328, 4.719, -17.336, 23.376, -4.502, 3.40114166667, 21.5087555556, -4.502
00510, 8.715, 2.328, 4.719, -17.336, 23.376, -4.502, 3.40114166667, 21.5087555556, -4.502
00511, 8.737, 2.293, 4.629, -17.426, 23.098, -4.475, 3.31114166667, 21.2307555556, -4.475
00512, 8.737, 2.293, 4.629, -17.426, 23.098, -4.475, 3.31114166667, 21.2307555556, -4.475
00513, 8.748, 2.259, 4.507, -17.368, 22.696, -4.419, 3.36914166667, 20.8287555556, -4.419
00514, 8.748, 2.259, 4.507, -17.368, 22.696, -4.419, 3.36914166667, 20.8287555556, -4.419
00515, 8.741, 2.196, 4.379, -17.199, 22.2, -4.403, 3.53814166667, 20.3327555556, -4.403
00516, 8.741, 2.196, 4.379, -17.199, 22.2, -4.403, 3.53814166667, 20.3327555556, -4.403
00517, 8.718, 2.113, 4.227, -16.902, 21.554, -4.415, 3.83514166667, 19.6867555556, -4.415
00518, 8.718, 2.113, 4.227, -16.902, 21.554, -4.415, 3.83514166667, 19.6867555556, -4.415
00519, 8.688, 2.031, 4.069, -16.531, 20.836, -4.483, 4.20614166667, 18.9687555556, -4.483
00520, 8.688, 2.031, 4.069, -16.531, 20.836, -4.483, 4.20614166667, 18.9687555556, -4.483
00521, 8.659, 1.966, 3.924, -16.163, 20.241, -4.542, 4.57414166667, 18.3737555556, -4.542
00522, 8.659, 1.966, 3.924, -16.163, 20.241, -4.542, 4.57414166667, 18.3737555556, -4.542
00523, 8.629, 1.902, 3.819, -15.697, 19.753, -4.528, 5.04014166667, 17.8857555556, -4.528
00524, 8.629, 1.902, 3.819, -15.697, 19.753, -4.528, 5.04014166667, 17.8857555556, -4.528
00525, 8.619, 1.826, 3.739, -15.339, 19.212, -4.441, 5.39814166667, 17.3447555556, -4.441
00526, 8.619, 1.826, 3.739, -15.339, 19.212, -4.441, 5.39814166667, 17.3447555556, -4.441
00527, 8.641, 1.737, 3.676, -15.216, 18.525, -4.333, 5.52114166667, 16.6577555556, -4.333
00528, 8.641, 1.737, 3.676, -15.216, 18.525, -4.333, 5.52114166667, 16.6577555556, -4.333
00529, 8.738, 1.683, 3.636, -15.758, 18.048, -4.332, 4.97914166667, 16.1807555556, -4.332
00530, 8.738, 1.683, 3.636, -15.758, 18.048, -4.332, 4.97914166667, 16.1807555556, -4.332
00531, 8.927, 1.658, 3.616, -17.094, 17.761, -4.4, 3.64314166667, 15.8937555556, -4.4
00532, 8.927, 1.658, 3.616, -17.094, 17.761, -4.4, 3.64314166667, 15.8937555556, -4.4
00533, 9.158, 1.616, 3.573, -18.772, 17.367, -4.417, 1.96514166667, 15.4997555556, -4.417
00534, 9.158, 1.616, 3.573, -18.772, 17.367, -4.417, 1.96514166667, 15.4997555556, -4.417
00535, 9.453, 1.576, 3.506, -21.043, 16.9, -4.507, -0.305858333333, 15.0327555556, -4.507
00536, 9.453, 1.576, 3.506, -21.043, 16.9, -4.507, -0.305858333333, 15.0327555556, -4.507
00537, 9.858, 1.544, 3.49, -24.509, 16.555, -4.778, -3.77185833333, 14.6877555556, -4.778
00538, 9.858, 1.544, 3.49, -24.509, 16.555, -4.778, -3.77185833333, 14.6877555556, -4.778
00539, 10.269, 1.532, 3.551, -28.197, 16.351, -5.176, -7.45985833333, 14.4837555556, -5.176
00540, 10.269, 1.532, 3.551, -28.197, 16.351, -5.176, -7.45985833333, 14.4837555556, -5.176
00541, 10.64, 1.511, 3.636, -31.717, 15.994, -5.6, -10.9798583333, 14.1267555556, -5.6
00542, 10.64, 1.511, 3.636, -31.717, 15.994, -5.6, -10.9798583333, 14.1267555556, -5.6
00543, 10.86, 1.47, 3.667, -33.913, 15.413, -6.1, -13.1758583333, 13.5457555556, -6.1
00544, 10.86, 1.47, 3.667, -33.913, 15.413, -6.1, -13.1758583333, 13.5457555556, -6.1
00545, 10.919, 1.416, 3.609, -34.49, 14.808, -6.404, -13.7528583333, 12.9407555556, -6.404
00546, 10.919, 1.416, 3.609, -34.49, 14.808, -6.404, -13.7528583333, 12.9407555556, -6.404
00547, 11.001, 1.389, 3.558, -35.024, 14.458, -6.613, -14.2868583333, 12.5907555556, -6.613
00548, 11.001, 1.389, 3.558, -35.024, 14.458, -6.613, -14.2868583333, 12.5907555556, -6.613
00549, 11.317, 1.401, 3.65, -37.354, 14.31, -6.792, -16.6168583333, 12.4427555556, -6.792
00550, 11.317, 1.401, 3.65, -37.354, 14.31, -6.792, -16.6168583333, 12.4427555556, -6.792
00551, 12.085, 1.364, 4.075, -43.315, 13.766, -6.469, -22.5778583333, 11.8987555556, -6.469
00552, 12.085, 1.364, 4.075, -43.315, 13.766, -6.469, -22.5778583333, 11.8987555556, -6.469
00553, 13.007, 1.265, 4.641, -50.43, 12.821, -5.867, -29.6928583333, 10.9537555556, -5.867
00554, 13.007, 1.265, 4.641, -50.43, 12.821, -5.867, -29.6928583333, 10.9537555556, -5.867
00555, 13.788, 1.123, 5.128, -56.285, 11.773, -5.357, -35.5478583333, 9.90575555556, -5.357
00556, 13.788, 1.123, 5.128, -56.285, 11.773, -5.357, -35.5478583333, 9.90575555556, -5.357
00557, 14.445, 1.081, 5.58, -61.181, 10.77, -5.302, -40.4438583333, 8.90275555556, -5.302
00558, 14.445, 1.081, 5.58, -61.181, 10.77, -5.302, -40.4438583333, 8.90275555556, -5.302
00559, 14.92, 1.041, 5.948, -65.139, 9.647, -5.632, -44.4018583333, 7.77975555556, -5.632
00560, 14.92, 1.041, 5.948, -65.139, 9.647, -5.632, -44.4018583333, 7.77975555556, -5.632
00561, 15.286, 0.942, 6.329, -69.131, 8.442, -6.078, -48.3938583333, 6.57475555556, -6.078
00562, 15.286, 0.942, 6.329, -69.131, 8.442, -6.078, -48.3938583333, 6.57475555556, -6.078
00563, 15.582, 0.783, 6.723, -73.033, 7.251, -6.503, -52.2958583333, 5.38375555556, -6.503
00564, 15.582, 0.783, 6.723, -73.033, 7.251, -6.503, -52.2958583333, 5.38375555556, -6.503
00565, 15.892, 0.553, 7.259, -77.911, 6.102, -6.808, -57.1738583333, 4.23475555556, -6.808
00566, 15.892, 0.553, 7.259, -77.911, 6.102, -6.808, -57.1738583333, 4.23475555556, -6.808
00567, 16.206, 0.394, 8.101, -84.079, 5.521, -6.994, -63.3418583333, 3.65375555556, -6.994
00568, 16.206, 0.394, 8.101, -84.079, 5.521, -6.994, -63.3418583333, 3.65375555556, -6.994
00569, 16.546, 0.256, 8.855, -89.429, 4.562, -7.26, -68.6918583333, 2.69475555556, -7.26
00570, 16.546, 0.256, 8.855, -89.429, 4.562, -7.26, -68.6918583333, 2.69475555556, -7.26
00571, 16.86, 0.156, 9.467, -93.978, 3.521, -7.703, -73.2408583333, 1.65375555556, -7.703
00572, 16.86, 0.156, 9.467, -93.978, 3.521, -7.703, -73.2408583333, 1.65375555556, -7.703
00573, 17.068, 0.097, 9.886, -97.48, 2.276, -8.242, -76.7428583333, 0.408755555556, -8.242
00574, 17.068, 0.097, 9.886, -97.48, 2.276, -8.242, -76.7428583333, 0.408755555556, -8.242
00575, 17.272, -0.021, 10.248, -100.91, 0.934, -8.865, -80.1728583333, -0.933244444444, -8.865
00576, 17.272, -0.021, 10.248, -100.91, 0.934, -8.865, -80.1728583333, -0.933244444444, -8.865
00577, 17.435, -0.181, 10.584, -104.618, -0.515, -9.794, -83.8808583333, -2.38224444444, -9.794
00578, 17.435, -0.181, 10.584, -104.618, -0.515, -9.794, -83.8808583333, -2.38224444444, -9.794
00579, 17.585, -0.353, 10.921, -108.537, -1.895, -10.688, -87.7998583333, -3.76224444444, -10.688
00580, 17.585, -0.353, 10.921, -108.537, -1.895, -10.688, -87.7998583333, -3.76224444444, -10.688
00581, 17.676, -0.514, 11.252, -112.691, -3.248, -11.314, -91.9538583333, -5.11524444444, -11.314
00582, 17.676, -0.514, 11.252, -112.691, -3.248, -11.314, -91.9538583333, -5.11524444444, -11.314
00583, 17.789, -0.664, 11.509, -115.858, -4.487, -11.705, -95.1208583333, -6.35424444444, -11.705
00584, 17.789, -0.664, 11.509, -115.858, -4.487, -11.705, -95.1208583333, -6.35424444444, -11.705
00585, 17.851, -0.803, 11.732, -118.639, -5.352, -12.047, -97.9018583333, -7.21924444444, -12.047
00586, 17.851, -0.803, 11.732, -118.639, -5.352, -12.047, -97.9018583333, -7.21924444444, -12.047
00587, 17.857, -0.906, 11.9, -120.934, -6.107, -12.616, -100.196858333, -7.97424444444, -12.616
00588, 17.857, -0.906, 11.9, -120.934, -6.107, -12.616, -100.196858333, -7.97424444444, -12.616
00589, 17.8, -0.964, 12.069, -123.079, -6.77, -13.133, -102.341858333, -8.63724444444, -13.133
00590, 17.8, -0.964, 12.069, -123.079, -6.77, -13.133, -102.341858333, -8.63724444444, -13.133
00591, 17.744, -1.0, 12.203, -124.738, -7.428, -13.275, -104.000858333, -9.29524444444, -13.275
00592, 17.744, -1.0, 12.203, -124.738, -7.428, -13.275, -104.000858333, -9.29524444444, -13.275
00593, 17.681, -1.042, 12.346, -126.208, -7.825, -13.126, -105.470858333, -9.69224444444, -13.126
00594, 17.681, -1.042, 12.346, -126.208, -7.825, -13.126, -105.470858333, -9.69224444444, -13.126
00595, 17.639, -1.111, 12.496, -127.438, -8.126, -12.691, -106.700858333, -9.99324444444, -12.691
00596, 17.639, -1.111, 12.496, -127.438, -8.126, -12.691, -106.700858333, -9.99324444444, -12.691
00597, 17.625, -1.127, 12.523, -127.904, -8.279, -12.721, -107.166858333, -10.1462444444, -12.721
00598, 17.625, -1.127, 12.523, -127.904, -8.279, -12.721, -107.166858333, -10.1462444444, -12.721
00599, 17.523, -0.968, 12.398, -128.199, -7.582, -13.859, -107.461858333, -9.44924444444, -13.859
00600, 17.523, -0.968, 12.398, -128.199, -7.582, -13.859, -107.461858333, -9.44924444444, -13.859
00601, 17.38, -0.803, 12.255, -128.68, -6.965, -15.1, -107.942858333, -8.83224444444, -15.1
00602, 17.38, -0.803, 12.255, -128.68, -6.965, -15.1, -107.942858333, -8.83224444444, -15.1
00603, 17.241, -0.72, 12.109, -128.964, -6.659, -15.844, -108.226858333, -8.52624444444, -15.844
00604, 17.241, -0.72, 12.109, -128.964, -6.659, -15.844, -108.226858333, -8.52624444444, -15.844
00605, 17.086, -0.635, 11.915, -128.809, -6.017, -16.444, -108.071858333, -7.88424444444, -16.444
00606, 17.086, -0.635, 11.915, -128.809, -6.017, -16.444, -108.071858333, -7.88424444444, -16.444
00607, 16.923, -0.585, 11.74, -128.462, -5.494, -16.723, -107.724858333, -7.36124444444, -16.723
00608, 16.923, -0.585, 11.74, -128.462, -5.494, -16.723, -107.724858333, -7.36124444444, -16.723
00609, 16.789, -0.577, 11.57, -127.922, -5.338, -16.697, -107.184858333, -7.20524444444, -16.697
00610, 16.789, -0.577, 11.57, -127.922, -5.338, -16.697, -107.184858333, -7.20524444444, -16.697
00611, 16.663, -0.55, 11.417, -127.253, -4.911, -16.6, -106.515858333, -6.77824444444, -16.6
00612, 16.663, -0.55, 11.417, -127.253, -4.911, -16.6, -106.515858333, -6.77824444444, -16.6
00613, 16.53, -0.508, 11.249, -126.27, -4.254, -16.219, -105.532858333, -6.12124444444, -16.219
00614, 16.53, -0.508, 11.249, -126.27, -4.254, -16.219, -105.532858333, -6.12124444444, -16.219
00615, 16.457, -0.543, 11.056, -124.961, -4.322, -15.529, -104.223858333, -6.18924444444, -15.529
00616, 16.457, -0.543, 11.056, -124.961, -4.322, -15.529, -104.223858333, -6.18924444444, -15.529
00617, 16.472, -0.726, 10.858, -123.295, -5.317, -14.028, -102.557858333, -7.18424444444, -14.028
00618, 16.472, -0.726, 10.858, -123.295, -5.317, -14.028, -102.557858333, -7.18424444444, -14.028
00619, 16.483, -0.869, 10.72, -122.142, -6.125, -13.045, -101.404858333, -7.99224444444, -13.045
00620, 16.483, -0.869, 10.72, -122.142, -6.125, -13.045, -101.404858333, -7.99224444444, -13.045
00621, 16.528, -1.04, 10.625, -120.991, -7.073, -11.931, -100.253858333, -8.94024444444, -11.931
00622, 16.528, -1.04, 10.625, -120.991, -7.073, -11.931, -100.253858333, -8.94024444444, -11.931
00623, 16.547, -1.203, 10.589, -120.282, -7.642, -10.672, -99.5448583333, -9.50924444444, -10.672
00624, 16.547, -1.203, 10.589, -120.282, -7.642, -10.672, -99.5448583333, -9.50924444444, -10.672
00625, 16.601, -1.29, 10.55, -119.416, -8.073, -9.97, -98.6788583333, -9.94024444444, -9.97
00626, 16.601, -1.29, 10.55, -119.416, -8.073, -9.97, -98.6788583333, -9.94024444444, -9.97
00627, 16.641, -1.397, 10.451, -118.19, -8.518, -9.311, -97.4528583333, -10.3852444444, -9.311
00628, 16.641, -1.397, 10.451, -118.19, -8.518, -9.311, -97.4528583333, -10.3852444444, -9.311
00629, 16.643, -1.464, 10.317, -116.965, -8.728, -9.008, -96.2278583333, -10.5952444444, -9.008
00630, 16.643, -1.464, 10.317, -116.965, -8.728, -9.008, -96.2278583333, -10.5952444444, -9.008
00631, 16.629, -1.491, 10.173, -115.838, -8.67, -8.898, -95.1008583333, -10.5372444444, -8.898
00632, 16.629, -1.491, 10.173, -115.838, -8.67, -8.898, -95.1008583333, -10.5372444444, -8.898
00633, 16.614, -1.491, 10.058, -114.746, -8.627, -8.782, -94.0088583333, -10.4942444444, -8.782
00634, 16.614, -1.491, 10.058, -114.746, -8.627, -8.782, -94.0088583333, -10.4942444444, -8.782
00635, 16.59, -1.473, 9.944, -113.478, -8.333, -8.642, -92.7408583333, -10.2002444444, -8.642
00636, 16.59, -1.473, 9.944, -113.478, -8.333, -8.642, -92.7408583333, -10.2002444444, -8.642
00637, 16.564, -1.434, 9.804, -111.999, -7.795, -8.433, -91.2618583333, -9.66224444444, -8.433
00638, 16.564, -1.434, 9.804, -111.999, -7.795, -8.433, -91.2618583333, -9.66224444444, -8.433
00639, 16.517, -1.337, 9.608, -109.982, -6.817, -8.129, -89.2448583333, -8.68424444444, -8.129
00640, 16.517, -1.337, 9.608, -109.982, -6.817, -8.129, -89.2448583333, -8.68424444444, -8.129
00641, 16.43, -1.202, 9.357, -107.758, -5.678, -7.909, -87.0208583333, -7.54524444444, -7.909
00642, 16.43, -1.202, 9.357, -107.758, -5.678, -7.909, -87.0208583333, -7.54524444444, -7.909
00643, 16.373, -1.082, 9.045, -105.319, -4.728, -7.875, -84.5818583333, -6.59524444444, -7.875
00644, 16.373, -1.082, 9.045, -105.319, -4.728, -7.875, -84.5818583333, -6.59524444444, -7.875
00645, 16.357, -1.028, 8.684, -102.619, -3.914, -7.663, -81.8818583333, -5.78124444444, -7.663
00646, 16.357, -1.028, 8.684, -102.619, -3.914, -7.663, -81.8818583333, -5.78124444444, -7.663
00647, 16.299, -0.971, 8.248, -99.65, -3.205, -7.41, -78.9128583333, -5.07224444444, -7.41
00648, 16.299, -0.971, 8.248, -99.65, -3.205, -7.41, -78.9128583333, -5.07224444444, -7.41
00649, 16.174, -0.842, 7.651, -95.88, -2.306, -7.152, -75.1428583333, -4.17324444444, -7.152
00650, 16.174, -0.842, 7.651, -95.88, -2.306, -7.152, -75.1428583333, -4.17324444444, -7.152
00651, 15.907, -0.667, 6.927, -91.211, -0.871, -6.882, -70.4738583333, -2.73824444444, -6.882
00652, 15.907, -0.667, 6.927, -91.211, -0.871, -6.882, -70.4738583333, -2.73824444444, -6.882
00653, 15.532, -0.484, 6.209, -86.488, 0.807, -6.861, -65.7508583333, -1.06024444444, -6.861
00654, 15.532, -0.484, 6.209, -86.488, 0.807, -6.861, -65.7508583333, -1.06024444444, -6.861
00655, 15.138, -0.336, 5.547, -81.966, 2.302, -7.018, -61.2288583333, 0.434755555556, -7.018
00656, 15.138, -0.336, 5.547, -81.966, 2.302, -7.018, -61.2288583333, 0.434755555556, -7.018
00657, 14.61, -0.199, 4.87, -77.11, 3.758, -7.047, -56.3728583333, 1.89075555556, -7.047
00658, 14.61, -0.199, 4.87, -77.11, 3.758, -7.047, -56.3728583333, 1.89075555556, -7.047
00659, 14.045, -0.067, 4.271, -72.565, 4.873, -6.938, -51.8278583333, 3.00575555556, -6.938
00660, 14.045, -0.067, 4.271, -72.565, 4.873, -6.938, -51.8278583333, 3.00575555556, -6.938
00661, 13.529, 0.06, 3.638, -67.519, 5.675, -6.927, -46.7818583333, 3.80775555556, -6.927
00662, 13.529, 0.06, 3.638, -67.519, 5.675, -6.927, -46.7818583333, 3.80775555556, -6.927
00663, 13.002, 0.201, 2.888, -61.664, 6.288, -6.876, -40.9268583333, 4.42075555556, -6.876
00664, 13.002, 0.201, 2.888, -61.664, 6.288, -6.876, -40.9268583333, 4.42075555556, -6.876
00665, 12.33, 0.386, 2.182, -55.157, 7.012, -6.931, -34.4198583333, 5.14475555556, -6.931
00666, 12.33, 0.386, 2.182, -55.157, 7.012, -6.931, -34.4198583333, 5.14475555556, -6.931
00667, 11.49, 0.423, 1.516, -47.993, 7.47, -6.722, -27.2558583333, 5.60275555556, -6.722
00668, 11.49, 0.423, 1.516, -47.993, 7.47, -6.722, -27.2558583333, 5.60275555556, -6.722
00669, 10.55, 0.47, 0.943, -40.418, 8.042, -6.447, -19.6808583333, 6.17475555556, -6.447
00670, 10.55, 0.47, 0.943, -40.418, 8.042, -6.447, -19.6808583333, 6.17475555556, -6.447
00671, 9.61, 0.504, 0.56, -33.472, 8.509, -5.747, -12.7348583333, 6.64175555556, -5.747
00672, 9.61, 0.504, 0.56, -33.472, 8.509, -5.747, -12.7348583333, 6.64175555556, -5.747
00673, 8.772, 0.523, 0.379, -27.266, 8.957, -4.735, -6.52885833333, 7.08975555556, -4.735
00674, 8.772, 0.523, 0.379, -27.266, 8.957, -4.735, -6.52885833333, 7.08975555556, -4.735
00675, 8.071, 0.58, 0.339, -22.19, 9.574, -3.847, -1.45285833333, 7.70675555556, -3.847
00676, 8.071, 0.58, 0.339, -22.19, 9.574, -3.847, -1.45285833333, 7.70675555556, -3.847
00677, 7.522, 0.717, 0.415, -18.343, 10.615, -3.271, 2.39414166667, 8.74775555556, -3.271
00678, 7.522, 0.717, 0.415, -18.343, 10.615, -3.271, 2.39414166667, 8.74775555556, -3.271
00679, 7.025, 0.942, 0.63, -14.65, 12.34, -2.645, 6.08714166667, 10.4727555556, -2.645
00680, 7.025, 0.942, 0.63, -14.65, 12.34, -2.645, 6.08714166667, 10.4727555556, -2.645
00681, 6.646, 1.196, 0.906, -11.538, 14.397, -1.868, 9.19914166667, 12.5297555556, -1.868
00682, 6.646, 1.196, 0.906, -11.538, 14.397, -1.868, 9.19914166667, 12.5297555556, -1.868
00683, 6.377, 1.368, 1.118, -8.869, 15.821, -1.039, 11.8681416667, 13.9537555556, -1.039
00684, 6.377, 1.368, 1.118, -8.869, 15.821, -1.039, 11.8681416667, 13.9537555556, -1.039
00685, 6.113, 1.504, 1.231, -6.018, 16.871, -0.265, 14.7191416667, 15.0037555556, -0.265
00686, 6.113, 1.504, 1.231, -6.018, 16.871, -0.265, 14.7191416667, 15.0037555556, -0.265
00687, 5.888, 1.596, 1.261, -3.433, 17.671, 0.306, 17.3041416667, 15.8037555556, 0.306
00688, 5.888, 1.596, 1.261, -3.433, 17.671, 0.306, 17.3041416667, 15.8037555556, 0.306
00689, 5.735, 1.657, 1.267, -1.515, 18.456, 0.688, 19.2221416667, 16.5887555556, 0.688
00690, 5.735, 1.657, 1.267, -1.515, 18.456, 0.688, 19.2221416667, 16.5887555556, 0.688
00691, 5.577, 1.716, 1.241, 0.497, 18.998, 1.085, 21.2341416667, 17.1307555556, 1.085
00692, 5.577, 1.716, 1.241, 0.497, 18.998, 1.085, 21.2341416667, 17.1307555556, 1.085
00693, 5.413, 1.715, 1.196, 2.557, 18.948, 1.509, 23.2941416667, 17.0807555556, 1.509
00694, 5.413, 1.715, 1.196, 2.557, 18.948, 1.509, 23.2941416667, 17.0807555556, 1.509
00695, 5.178, 1.646, 1.117, 4.561, 18.339, 1.578, 25.2981416667, 16.4717555556, 1.578
00696, 5.178, 1.646, 1.117, 4.561, 18.339, 1.578, 25.2981416667, 16.4717555556, 1.578
00697, 4.837, 1.566, 1.06, 6.821, 17.802, 1.218, 27.5581416667, 15.9347555556, 1.218
00698, 4.837, 1.566, 1.06, 6.821, 17.802, 1.218, 27.5581416667, 15.9347555556, 1.218
00699, 4.389, 1.476, 1.037, 9.505, 17.19, 0.558, 30.2421416667, 15.3227555556, 0.558
00700, 4.389, 1.476, 1.037, 9.505, 17.19, 0.558, 30.2421416667, 15.3227555556, 0.558
00701, 3.988, 1.394, 1.054, 12.074, 16.631, 0.005, 32.8111416667, 14.7637555556, 0.005
00702, 3.988, 1.394, 1.054, 12.074, 16.631, 0.005, 32.8111416667, 14.7637555556, 0.005
00703, 3.647, 1.316, 1.105, 14.659, 16.256, -0.325, 35.3961416667, 14.3887555556, -0.325
00704, 3.647, 1.316, 1.105, 14.659, 16.256, -0.325, 35.3961416667, 14.3887555556, -0.325
00705, 3.439, 1.274, 1.18, 16.785, 16.239, -0.304, 37.5221416667, 14.3717555556, -0.304
00706, 3.439, 1.274, 1.18, 16.785, 16.239, -0.304, 37.5221416667, 14.3717555556, -0.304
00707, 3.235, 1.27, 1.278, 19.009, 16.545, -0.047, 39.7461416667, 14.6777555556, -0.047
00708, 3.235, 1.27, 1.278, 19.009, 16.545, -0.047, 39.7461416667, 14.6777555556, -0.047
00709, 2.982, 1.291, 1.375, 22.047, 16.922, 0.697, 42.7841416667, 15.0547555556, 0.697
00710, 2.982, 1.291, 1.375, 22.047, 16.922, 0.697, 42.7841416667, 15.0547555556, 0.697
00711, 2.79, 1.282, 1.415, 24.883, 17.053, 1.488, 45.6201416667, 15.1857555556, 1.488
00712, 2.79, 1.282, 1.415, 24.883, 17.053, 1.488, 45.6201416667, 15.1857555556, 1.488
00713, 2.656, 1.237, 1.357, 26.941, 16.994, 1.893, 47.6781416667, 15.1267555556, 1.893
00714, 2.656, 1.237, 1.357, 26.941, 16.994, 1.893, 47.6781416667, 15.1267555556, 1.893
00715, 2.629, 1.219, 1.298, 28.053, 17.029, 2.175, 48.7901416667, 15.1617555556, 2.175
00716, 2.629, 1.219, 1.298, 28.053, 17.029, 2.175, 48.7901416667, 15.1617555556, 2.175
00717, 2.672, 1.239, 1.276, 28.545, 17.276, 2.456, 49.2821416667, 15.4087555556, 2.456
00718, 2.672, 1.239, 1.276, 28.545, 17.276, 2.456, 49.2821416667, 15.4087555556, 2.456
00719, 2.635, 1.226, 1.31, 29.445, 17.237, 2.6, 50.1821416667, 15.3697555556, 2.6
00720, 2.635, 1.226, 1.31, 29.445, 17.237, 2.6, 50.1821416667, 15.3697555556, 2.6
00721, 2.459, 1.172, 1.39, 30.91, 16.945, 2.464, 51.6471416667, 15.0777555556, 2.464
00722, 2.459, 1.172, 1.39, 30.91, 16.945, 2.464, 51.6471416667, 15.0777555556, 2.464
00723, 2.291, 1.096, 1.473, 32.124, 16.603, 2.108, 52.8611416667, 14.7357555556, 2.108
00724, 2.291, 1.096, 1.473, 32.124, 16.603, 2.108, 52.8611416667, 14.7357555556, 2.108
00725, 2.256, 1.049, 1.503, 32.296, 16.322, 1.792, 53.0331416667, 14.4547555556, 1.792
00726, 2.256, 1.049, 1.503, 32.296, 16.322, 1.792, 53.0331416667, 14.4547555556, 1.792
00727, 2.377, 1.037, 1.462, 31.374, 16.243, 1.553, 52.1111416667, 14.3757555556, 1.553
00728, 2.377, 1.037, 1.462, 31.374, 16.243, 1.553, 52.1111416667, 14.3757555556, 1.553
00729, 2.578, 1.046, 1.417, 29.965, 16.249, 1.244, 50.7021416667, 14.3817555556, 1.244
00730, 2.578, 1.046, 1.417, 29.965, 16.249, 1.244, 50.7021416667, 14.3817555556, 1.244
00731, 2.891, 1.06, 1.306, 27.663, 16.172, 0.884, 48.4001416667, 14.3047555556, 0.884
00732, 2.891, 1.06, 1.306, 27.663, 16.172, 0.884, 48.4001416667, 14.3047555556, 0.884
00733, 3.168, 1.087, 1.229, 25.554, 16.315, 0.445, 46.2911416667, 14.4477555556, 0.445
00734, 3.168, 1.087, 1.229, 25.554, 16.315, 0.445, 46.2911416667, 14.4477555556, 0.445
00735, 3.288, 1.109, 1.251, 24.494, 16.597, 0.14, 45.2311416667, 14.7297555556, 0.14
00736, 3.288, 1.109, 1.251, 24.494, 16.597, 0.14, 45.2311416667, 14.7297555556, 0.14
00737, 3.391, 1.158, 1.307, 23.382, 16.951, -0.169, 44.1191416667, 15.0837555556, -0.169
00738, 3.391, 1.158, 1.307, 23.382, 16.951, -0.169, 44.1191416667, 15.0837555556, -0.169
00739, 3.611, 1.213, 1.319, 21.321, 17.252, -0.617, 42.0581416667, 15.3847555556, -0.617
00740, 3.611, 1.213, 1.319, 21.321, 17.252, -0.617, 42.0581416667, 15.3847555556, -0.617
00741, 3.985, 1.231, 1.233, 17.975, 17.284, -1.305, 38.7121416667, 15.4167555556, -1.305
00742, 3.985, 1.231, 1.233, 17.975, 17.284, -1.305, 38.7121416667, 15.4167555556, -1.305
00743, 4.278, 1.215, 1.133, 15.422, 17.06, -1.782, 36.1591416667, 15.1927555556, -1.782
00744, 4.278, 1.215, 1.133, 15.422, 17.06, -1.782, 36.1591416667, 15.1927555556, -1.782
00745, 4.411, 1.169, 1.041, 14.328, 16.721, -1.911, 35.0651416667, 14.8537555556, -1.911
00746, 4.411, 1.169, 1.041, 14.328, 16.721, -1.911, 35.0651416667, 14.8537555556, -1.911
00747, 4.429, 1.115, 0.992, 14.227, 16.445, -1.884, 34.9641416667, 14.5777555556, -1.884
00748, 4.429, 1.115, 0.992, 14.227, 16.445, -1.884, 34.9641416667, 14.5777555556, -1.884
00749, 4.442, 1.033, 0.947, 14.036, 15.891, -1.994, 34.7731416667, 14.0237555556, -1.994
00750, 4.442, 1.033, 0.947, 14.036, 15.891, -1.994, 34.7731416667, 14.0237555556, -1.994
00751, 4.495, 0.915, 0.862, 13.34, 14.842, -2.304, 34.0771416667, 12.9747555556, -2.304
00752, 4.495, 0.915, 0.862, 13.34, 14.842, -2.304, 34.0771416667, 12.9747555556, -2.304
00753, 4.561, 0.795, 0.748, 12.564, 13.749, -2.624, 33.3011416667, 11.8817555556, -2.624
00754, 4.561, 0.795, 0.748, 12.564, 13.749, -2.624, 33.3011416667, 11.8817555556, -2.624
00755, 4.616, 0.718, 0.64, 12.1, 13.149, -2.79, 32.8371416667, 11.2817555556, -2.79
00756, 4.616, 0.718, 0.64, 12.1, 13.149, -2.79, 32.8371416667, 11.2817555556, -2.79
00757, 4.671, 0.643, 0.52, 11.867, 12.694, -2.816, 32.6041416667, 10.8267555556, -2.816
00758, 4.671, 0.643, 0.52, 11.867, 12.694, -2.816, 32.6041416667, 10.8267555556, -2.816
00759, 4.733, 0.601, 0.421, 11.681, 12.496, -2.716, 32.4181416667, 10.6287555556, -2.716
00760, 4.733, 0.601, 0.421, 11.681, 12.496, -2.716, 32.4181416667, 10.6287555556, -2.716
00761, 4.801, 0.588, 0.347, 11.349, 12.39, -2.657, 32.0861416667, 10.5227555556, -2.657
00762, 4.801, 0.588, 0.347, 11.349, 12.39, -2.657, 32.0861416667, 10.5227555556, -2.657
00763, 4.915, 0.578, 0.293, 10.542, 12.277, -2.704, 31.2791416667, 10.4097555556, -2.704
00764, 4.915, 0.578, 0.293, 10.542, 12.277, -2.704, 31.2791416667, 10.4097555556, -2.704
00765, 5.032, 0.524, 0.25, 9.599, 11.847, -2.862, 30.3361416667, 9.97975555556, -2.862
00766, 5.032, 0.524, 0.25, 9.599, 11.847, -2.862, 30.3361416667, 9.97975555556, -2.862
00767, 5.144, 0.419, 0.207, 8.595, 10.935, -3.085, 29.3321416667, 9.06775555556, -3.085
00768, 5.144, 0.419, 0.207, 8.595, 10.935, -3.085, 29.3321416667, 9.06775555556, -3.085
00769, 5.243, 0.267, 0.133, 7.699, 9.655, -3.285, 28.4361416667, 7.78775555556, -3.285
00770, 5.243, 0.267, 0.133, 7.699, 9.655, -3.285, 28.4361416667, 7.78775555556, -3.285
00771, 5.336, 0.053, -0.006, 6.896, 7.741, -3.39, 27.6331416667, 5.87375555556, -3.39
00772, 5.336, 0.053, -0.006, 6.896, 7.741, -3.39, 27.6331416667, 5.87375555556, -3.39
00773, 5.426, -0.214, -0.177, 6.283, 5.532, -3.386, 27.0201416667, 3.66475555556, -3.386
00774, 5.426, -0.214, -0.177, 6.283, 5.532, -3.386, 27.0201416667, 3.66475555556, -3.386
00775, 5.502, -0.567, -0.364, 5.928, 2.912, -3.354, 26.6651416667, 1.04475555556, -3.354
00776, 5.502, -0.567, -0.364, 5.928, 2.912, -3.354, 26.6651416667, 1.04475555556, -3.354
00777, 5.557, -0.909, -0.577, 5.832, 0.495, -3.17, 26.5691416667, -1.37224444444, -3.17
00778, 5.557, -0.909, -0.577, 5.832, 0.495, -3.17, 26.5691416667, -1.37224444444, -3.17
00779, 5.626, -1.261, -0.806, 5.854, -1.796, -2.912, 26.5911416667, -3.66324444444, -2.912
00780, 5.626, -1.261, -0.806, 5.854, -1.796, -2.912, 26.5911416667, -3.66324444444, -2.912
00781, 5.723, -1.515, -1.005, 5.753, -3.33, -2.666, 26.4901416667, -5.19724444444, -2.666
00782, 5.723, -1.515, -1.005, 5.753, -3.33, -2.666, 26.4901416667, -5.19724444444, -2.666
00783, 5.826, -1.644, -1.132, 5.507, -3.999, -2.575, 26.2441416667, -5.86624444444, -2.575
00784, 5.826, -1.644, -1.132, 5.507, -3.999, -2.575, 26.2441416667, -5.86624444444, -2.575
00785, 5.907, -1.728, -1.247, 5.322, -4.481, -2.604, 26.0591416667, -6.34824444444, -2.604
00786, 5.907, -1.728, -1.247, 5.322, -4.481, -2.604, 26.0591416667, -6.34824444444, -2.604
00787, 5.943, -1.784, -1.35, 5.347, -4.737, -2.605, 26.0841416667, -6.60424444444, -2.605
00788, 5.943, -1.784, -1.35, 5.347, -4.737, -2.605, 26.0841416667, -6.60424444444, -2.605
00789, 5.962, -1.905, -1.506, 5.449, -5.35, -2.576, 26.1861416667, -7.21724444444, -2.576
00790, 5.962, -1.905, -1.506, 5.449, -5.35, -2.576, 26.1861416667, -7.21724444444, -2.576
00791, 5.94, -2.193, -1.736, 5.733, -7.035, -2.566, 26.4701416667, -8.90224444444, -2.566
00792, 5.94, -2.193, -1.736, 5.733, -7.035, -2.566, 26.4701416667, -8.90224444444, -2.566
00793, 5.858, -2.559, -1.988, 6.269, -9.063, -2.53, 27.0061416667, -10.9302444444, -2.53
00794, 5.858, -2.559, -1.988, 6.269, -9.063, -2.53, 27.0061416667, -10.9302444444, -2.53
00795, 5.738, -2.898, -2.224, 6.968, -10.751, -2.57, 27.7051416667, -12.6182444444, -2.57
00796, 5.738, -2.898, -2.224, 6.968, -10.751, -2.57, 27.7051416667, -12.6182444444, -2.57
00797, 5.615, -3.145, -2.396, 7.645, -12.041, -2.602, 28.3821416667, -13.9082444444, -2.602
00798, 5.615, -3.145, -2.396, 7.645, -12.041, -2.602, 28.3821416667, -13.9082444444, -2.602
00799, 5.509, -3.322, -2.535, 8.176, -13.004, -2.635, 28.9131416667, -14.8712444444, -2.635
00800, 5.509, -3.322, -2.535, 8.176, -13.004, -2.635, 28.9131416667, -14.8712444444, -2.635
00801, 5.43, -3.457, -2.674, 8.51, -13.687, -2.645, 29.2471416667, -15.5542444444, -2.645
00802, 5.43, -3.457, -2.674, 8.51, -13.687, -2.645, 29.2471416667, -15.5542444444, -2.645
00803, 5.361, -3.566, -2.827, 8.712, -14.216, -2.669, 29.4491416667, -16.0832444444, -2.669
00804, 5.361, -3.566, -2.827, 8.712, -14.216, -2.669, 29.4491416667, -16.0832444444, -2.669
00805, 5.276, -3.673, -2.978, 8.928, -14.727, -2.636, 29.6651416667, -16.5942444444, -2.636
00806, 5.276, -3.673, -2.978, 8.928, -14.727, -2.636, 29.6651416667, -16.5942444444, -2.636
00807, 5.185, -3.809, -3.159, 9.155, -15.389, -2.567, 29.8921416667, -17.2562444444, -2.567
00808, 5.185, -3.809, -3.159, 9.155, -15.389, -2.567, 29.8921416667, -17.2562444444, -2.567
00809, 5.104, -3.969, -3.336, 9.399, -16.201, -2.457, 30.1361416667, -18.0682444444, -2.457
00810, 5.104, -3.969, -3.336, 9.399, -16.201, -2.457, 30.1361416667, -18.0682444444, -2.457
00811, 5.042, -4.142, -3.477, 9.602, -17.073, -2.387, 30.3391416667, -18.9402444444, -2.387
00812, 5.042, -4.142, -3.477, 9.602, -17.073, -2.387, 30.3391416667, -18.9402444444, -2.387
00813, 4.948, -4.371, -3.612, 10.022, -18.191, -2.351, 30.7591416667, -20.0582444444, -2.351
00814, 4.948, -4.371, -3.612, 10.022, -18.191, -2.351, 30.7591416667, -20.0582444444, -2.351
00815, 4.841, -4.583, -3.706, 10.66, -19.273, -2.299, 31.3971416667, -21.1402444444, -2.299
00816, 4.841, -4.583, -3.706, 10.66, -19.273, -2.299, 31.3971416667, -21.1402444444, -2.299
00817, 4.728, -4.781, -3.792, 11.446, -20.305, -2.17, 32.1831416667, -22.1722444444, -2.17
00818, 4.728, -4.781, -3.792, 11.446, -20.305, -2.17, 32.1831416667, -22.1722444444, -2.17
00819, 4.615, -5.005, -3.881, 12.325, -21.481, -1.971, 33.0621416667, -23.3482444444, -1.971
00820, 4.615, -5.005, -3.881, 12.325, -21.481, -1.971, 33.0621416667, -23.3482444444, -1.971
00821, 4.555, -5.196, -3.978, 12.902, -22.412, -1.747, 33.6391416667, -24.2792444444, -1.747
00822, 4.555, -5.196, -3.978, 12.902, -22.412, -1.747, 33.6391416667, -24.2792444444, -1.747
00823, 4.604, -5.348, -4.102, 12.775, -23.065, -1.649, 33.5121416667, -24.9322444444, -1.649
00824, 4.604, -5.348, -4.102, 12.775, -23.065, -1.649, 33.5121416667, -24.9322444444, -1.649
00825, 4.713, -5.594, -4.248, 12.291, -24.288, -1.617, 33.0281416667, -26.1552444444, -1.617
00826, 4.713, -5.594, -4.248, 12.291, -24.288, -1.617, 33.0281416667, -26.1552444444, -1.617
00827, 4.721, -5.977, -4.397, 12.292, -26.214, -1.599, 33.0291416667, -28.0812444444, -1.599
00828, 4.721, -5.977, -4.397, 12.292, -26.214, -1.599, 33.0291416667, -28.0812444444, -1.599
00829, 4.619, -6.299, -4.536, 12.951, -27.651, -1.427, 33.6881416667, -29.5182444444, -1.427
00830, 4.619, -6.299, -4.536, 12.951, -27.651, -1.427, 33.6881416667, -29.5182444444, -1.427
00831, 4.393, -6.511, -4.676, 14.209, -28.292, -1.406, 34.9461416667, -30.1592444444, -1.406
00832, 4.393, -6.511, -4.676, 14.209, -28.292, -1.406, 34.9461416667, -30.1592444444, -1.406
00833, 4.076, -6.699, -4.754, 15.88, -28.945, -1.499, 36.6171416667, -30.8122444444, -1.499
00834, 4.076, -6.699, -4.754, 15.88, -28.945, -1.499, 36.6171416667, -30.8122444444, -1.499
00835, 3.714, -6.892, -4.823, 17.787, -29.49, -1.411, 38.5241416667, -31.3572444444, -1.411
00836, 3.714, -6.892, -4.823, 17.787, -29.49, -1.411, 38.5241416667, -31.3572444444, -1.411
00837, 3.293, -7.158, -4.872, 19.964, -30.189, -1.287, 40.7011416667, -32.0562444444, -1.287
00838, 3.293, -7.158, -4.872, 19.964, -30.189, -1.287, 40.7011416667, -32.0562444444, -1.287
00839, 2.923, -7.419, -4.895, 21.692, -31.026, -1.192, 42.4291416667, -32.8932444444, -1.192
00840, 2.923, -7.419, -4.895, 21.692, -31.026, -1.192, 42.4291416667, -32.8932444444, -1.192
00841, 2.632, -7.622, -4.935, 22.705, -31.588, -1.23, 43.4421416667, -33.4552444444, -1.23
00842, 2.632, -7.622, -4.935, 22.705, -31.588, -1.23, 43.4421416667, -33.4552444444, -1.23
00843, 2.435, -7.813, -4.962, 23.171, -32.178, -1.48, 43.9081416667, -34.0452444444, -1.48
00844, 2.435, -7.813, -4.962, 23.171, -32.178, -1.48, 43.9081416667, -34.0452444444, -1.48
00845, 2.304, -7.954, -4.983, 23.389, -32.666, -1.657, 44.1261416667, -34.5332444444, -1.657
00846, 2.304, -7.954, -4.983, 23.389, -32.666, -1.657, 44.1261416667, -34.5332444444, -1.657
00847, 2.246, -8.018, -5.037, 23.417, -32.82, -1.619, 44.1541416667, -34.6872444444, -1.619
00848, 2.246, -8.018, -5.037, 23.417, -32.82, -1.619, 44.1541416667, -34.6872444444, -1.619
00849, 2.274, -8.058, -5.105, 23.177, -32.912, -1.537, 43.9141416667, -34.7792444444, -1.537
00850, 2.274, -8.058, -5.105, 23.177, -32.912, -1.537, 43.9141416667, -34.7792444444, -1.537
00851, 2.298, -8.089, -5.173, 23.002, -32.92, -1.491, 43.7391416667, -34.7872444444, -1.491
00852, 2.298, -8.089, -5.173, 23.002, -32.92, -1.491, 43.7391416667, -34.7872444444, -1.491
00853, 2.285, -8.123, -5.243, 23.097, -32.926, -1.387, 43.8341416667, -34.7932444444, -1.387
00854, 2.285, -8.123, -5.243, 23.097, -32.926, -1.387, 43.8341416667, -34.7932444444, -1.387
00855, 2.233, -8.17, -5.32, 23.39, -32.971, -1.251, 44.1271416667, -34.8382444444, -1.251
00856, 2.233, -8.17, -5.32, 23.39, -32.971, -1.251, 44.1271416667, -34.8382444444, -1.251
00857, 2.191, -8.205, -5.393, 23.603, -32.985, -1.164, 44.3401416667, -34.8522444444, -1.164
00858, 2.191, -8.205, -5.393, 23.603, -32.985, -1.164, 44.3401416667, -34.8522444444, -1.164
00859, 2.159, -8.205, -5.466, 23.758, -32.795, -1.173, 44.4951416667, -34.6622444444, -1.173
00860, 2.159, -8.205, -5.466, 23.758, -32.795, -1.173, 44.4951416667, -34.6622444444, -1.173
00861, 2.186, -8.198, -5.531, 23.569, -32.668, -1.274, 44.3061416667, -34.5352444444, -1.274
00862, 2.186, -8.198, -5.531, 23.569, -32.668, -1.274, 44.3061416667, -34.5352444444, -1.274
00863, 2.244, -8.175, -5.608, 23.091, -32.497, -1.458, 43.8281416667, -34.3642444444, -1.458
00864, 2.244, -8.175, -5.608, 23.091, -32.497, -1.458, 43.8281416667, -34.3642444444, -1.458
00865, 2.316, -8.129, -5.697, 22.45, -32.201, -1.702, 43.1871416667, -34.0682444444, -1.702
00866, 2.316, -8.129, -5.697, 22.45, -32.201, -1.702, 43.1871416667, -34.0682444444, -1.702
00867, 2.393, -8.109, -5.784, 21.648, -31.988, -2.008, 42.3851416667, -33.8552444444, -2.008
00868, 2.393, -8.109, -5.784, 21.648, -31.988, -2.008, 42.3851416667, -33.8552444444, -2.008
00869, 2.48, -8.129, -5.866, 20.737, -31.978, -2.412, 41.4741416667, -33.8452444444, -2.412
00870, 2.48, -8.129, -5.866, 20.737, -31.978, -2.412, 41.4741416667, -33.8452444444, -2.412
00871, 2.535, -8.171, -5.935, 20.102, -32.124, -2.697, 40.8391416667, -33.9912444444, -2.697
00872, 2.535, -8.171, -5.935, 20.102, -32.124, -2.697, 40.8391416667, -33.9912444444, -2.697
00873, 2.5, -8.202, -5.968, 20.264, -32.241, -2.601, 41.0011416667, -34.1082444444, -2.601
00874, 2.5, -8.202, -5.968, 20.264, -32.241, -2.601, 41.0011416667, -34.1082444444, -2.601
00875, 2.396, -8.257, -5.964, 20.978, -32.479, -2.335, 41.7151416667, -34.3462444444, -2.335
00876, 2.396, -8.257, -5.964, 20.978, -32.479, -2.335, 41.7151416667, -34.3462444444, -2.335
00877, 2.273, -8.348, -5.945, 21.801, -32.921, -2.049, 42.5381416667, -34.7882444444, -2.049
00878, 2.273, -8.348, -5.945, 21.801, -32.921, -2.049, 42.5381416667, -34.7882444444, -2.049
00879, 2.18, -8.458, -5.949, 22.361, -33.43, -1.931, 43.0981416667, -35.2972444444, -1.931
00880, 2.18, -8.458, -5.949, 22.361, -33.43, -1.931, 43.0981416667, -35.2972444444, -1.931
00881, 2.134, -8.564, -5.962, 22.58, -33.916, -2.002, 43.3171416667, -35.7832444444, -2.002
00882, 2.134, -8.564, -5.962, 22.58, -33.916, -2.002, 43.3171416667, -35.7832444444, -2.002
00883, 2.103, -8.713, -5.958, 22.729, -34.639, -2.103, 43.4661416667, -36.5062444444, -2.103
00884, 2.103, -8.713, -5.958, 22.729, -34.639, -2.103, 43.4661416667, -36.5062444444, -2.103
00885, 2.066, -8.835, -5.95, 22.932, -35.274, -2.165, 43.6691416667, -37.1412444444, -2.165
00886, 2.066, -8.835, -5.95, 22.932, -35.274, -2.165, 43.6691416667, -37.1412444444, -2.165
00887, 2.052, -8.913, -5.959, 23.033, -35.744, -2.157, 43.7701416667, -37.6112444444, -2.157
00888, 2.052, -8.913, -5.959, 23.033, -35.744, -2.157, 43.7701416667, -37.6112444444, -2.157
00889, 2.074, -8.946, -6.02, 22.84, -35.863, -2.118, 43.5771416667, -37.7302444444, -2.118
00890, 2.074, -8.946, -6.02, 22.84, -35.863, -2.118, 43.5771416667, -37.7302444444, -2.118
00891, 2.109, -8.891, -6.107, 22.497, -35.497, -2.088, 43.2341416667, -37.3642444444, -2.088
00892, 2.109, -8.891, -6.107, 22.497, -35.497, -2.088, 43.2341416667, -37.3642444444, -2.088
00893, 2.162, -8.754, -6.212, 22.049, -34.79, -2.192, 42.7861416667, -36.6572444444, -2.192
00894, 2.162, -8.754, -6.212, 22.049, -34.79, -2.192, 42.7861416667, -36.6572444444, -2.192
00895, 2.212, -8.666, -6.257, 21.726, -34.462, -2.338, 42.4631416667, -36.3292444444, -2.338
00896, 2.212, -8.666, -6.257, 21.726, -34.462, -2.338, 42.4631416667, -36.3292444444, -2.338
00897, 2.233, -8.626, -6.274, 21.585, -34.261, -2.427, 42.3221416667, -36.1282444444, -2.427
00898, 2.233, -8.626, -6.274, 21.585, -34.261, -2.427, 42.3221416667, -36.1282444444, -2.427
00899, 2.275, -8.586, -6.293, 21.315, -34.033, -2.484, 42.0521416667, -35.9002444444, -2.484
00900, 2.275, -8.586, -6.293, 21.315, -34.033, -2.484, 42.0521416667, -35.9002444444, -2.484
00901, 2.403, -8.527, -6.343, 20.453, -33.686, -2.788, 41.1901416667, -35.5532444444, -2.788
00902, 2.403, -8.527, -6.343, 20.453, -33.686, -2.788, 41.1901416667, -35.5532444444, -2.788
00903, 2.601, -8.436, -6.397, 19.179, -33.257, -3.27, 39.9161416667, -35.1242444444, -3.27
00904, 2.601, -8.436, -6.397, 19.179, -33.257, -3.27, 39.9161416667, -35.1242444444, -3.27
00905, 2.77, -8.362, -6.422, 18.223, -32.909, -3.551, 38.9601416667, -34.7762444444, -3.551
00906, 2.77, -8.362, -6.422, 18.223, -32.909, -3.551, 38.9601416667, -34.7762444444, -3.551
00907, 2.845, -8.325, -6.402, 18.025, -32.733, -3.533, 38.7621416667, -34.6002444444, -3.533
00908, 2.845, -8.325, -6.402, 18.025, -32.733, -3.533, 38.7621416667, -34.6002444444, -3.533
00909, 2.827, -8.322, -6.37, 18.395, -32.659, -3.372, 39.1321416667, -34.5262444444, -3.372
00910, 2.827, -8.322, -6.37, 18.395, -32.659, -3.372, 39.1321416667, -34.5262444444, -3.372
00911, 2.791, -8.323, -6.351, 18.742, -32.632, -3.271, 39.4791416667, -34.4992444444, -3.271
00912, 2.791, -8.323, -6.351, 18.742, -32.632, -3.271, 39.4791416667, -34.4992444444, -3.271
00913, 2.768, -8.347, -6.325, 18.918, -32.741, -3.278, 39.6551416667, -34.6082444444, -3.278
00914, 2.768, -8.347, -6.325, 18.918, -32.741, -3.278, 39.6551416667, -34.6082444444, -3.278
00915, 2.788, -8.386, -6.308, 18.759, -32.964, -3.375, 39.4961416667, -34.8312444444, -3.375
00916, 2.788, -8.386, -6.308, 18.759, -32.964, -3.375, 39.4961416667, -34.8312444444, -3.375
00917, 2.908, -8.436, -6.339, 17.969, -33.298, -3.453, 38.7061416667, -35.1652444444, -3.453
00918, 2.908, -8.436, -6.339, 17.969, -33.298, -3.453, 38.7061416667, -35.1652444444, -3.453
00919, 3.215, -8.544, -6.434, 16.005, -33.907, -3.866, 36.7421416667, -35.7742444444, -3.866
00920, 3.215, -8.544, -6.434, 16.005, -33.907, -3.866, 36.7421416667, -35.7742444444, -3.866
00921, 3.726, -8.68, -6.576, 12.705, -34.668, -4.599, 33.4421416667, -36.5352444444, -4.599
00922, 3.726, -8.68, -6.576, 12.705, -34.668, -4.599, 33.4421416667, -36.5352444444, -4.599
00923, 4.32, -8.789, -6.729, 9.079, -35.241, -5.694, 29.8161416667, -37.1082444444, -5.694
00924, 4.32, -8.789, -6.729, 9.079, -35.241, -5.694, 29.8161416667, -37.1082444444, -5.694
00925, 4.827, -8.861, -6.847, 6.084, -35.727, -6.287, 26.8211416667, -37.5942444444, -6.287
00926, 4.827, -8.861, -6.847, 6.084, -35.727, -6.287, 26.8211416667, -37.5942444444, -6.287
00927, 5.273, -8.967, -6.915, 3.775, -36.484, -6.348, 24.5121416667, -38.3512444444, -6.348
00928, 5.273, -8.967, -6.915, 3.775, -36.484, -6.348, 24.5121416667, -38.3512444444, -6.348
00929, 5.773, -9.097, -6.953, 1.358, -37.327, -6.193, 22.0951416667, -39.1942444444, -6.193
00930, 5.773, -9.097, -6.953, 1.358, -37.327, -6.193, 22.0951416667, -39.1942444444, -6.193
00931, 6.436, -9.213, -6.963, -1.775, -38.107, -6.28, 18.9621416667, -39.9742444444, -6.28
00932, 6.436, -9.213, -6.963, -1.775, -38.107, -6.28, 18.9621416667, -39.9742444444, -6.28
00933, 7.145, -9.24, -6.961, -5.064, -38.424, -6.331, 15.6731416667, -40.2912444444, -6.331
00934, 7.145, -9.24, -6.961, -5.064, -38.424, -6.331, 15.6731416667, -40.2912444444, -6.331
00935, 7.796, -9.218, -6.925, -7.912, -38.532, -6.199, 12.8251416667, -40.3992444444, -6.199
00936, 7.796, -9.218, -6.925, -7.912, -38.532, -6.199, 12.8251416667, -40.3992444444, -6.199
00937, 8.283, -9.167, -6.889, -9.784, -38.416, -5.915, 10.9531416667, -40.2832444444, -5.915
00938, 8.283, -9.167, -6.889, -9.784, -38.416, -5.915, 10.9531416667, -40.2832444444, -5.915
00939, 8.601, -9.138, -6.873, -10.819, -38.282, -5.647, 9.91814166667, -40.1492444444, -5.647
00940, 8.601, -9.138, -6.873, -10.819, -38.282, -5.647, 9.91814166667, -40.1492444444, -5.647
00941, 8.855, -9.092, -6.902, -11.545, -37.874, -5.45, 9.19214166667, -39.7412444444, -5.45
00942, 8.855, -9.092, -6.902, -11.545, -37.874, -5.45, 9.19214166667, -39.7412444444, -5.45
00943, 9.05, -9.062, -6.94, -12.1, -37.54, -5.395, 8.63714166667, -39.4072444444, -5.395
00944, 9.05, -9.062, -6.94, -12.1, -37.54, -5.395, 8.63714166667, -39.4072444444, -5.395
00945, 9.229, -9.065, -6.96, -12.623, -37.472, -5.374, 8.11414166667, -39.3392444444, -5.374
00946, 9.229, -9.065, -6.96, -12.623, -37.472, -5.374, 8.11414166667, -39.3392444444, -5.374
00947, 9.383, -9.076, -6.965, -12.96, -37.511, -5.277, 7.77714166667, -39.3782444444, -5.277
00948, 9.383, -9.076, -6.965, -12.96, -37.511, -5.277, 7.77714166667, -39.3782444444, -5.277
00949, 9.524, -9.069, -6.981, -13.149, -37.53, -5.046, 7.58814166667, -39.3972444444, -5.046
00950, 9.524, -9.069, -6.981, -13.149, -37.53, -5.046, 7.58814166667, -39.3972444444, -5.046
00951, 9.683, -9.078, -6.989, -13.415, -37.617, -4.756, 7.32214166667, -39.4842444444, -4.756
00952, 9.683, -9.078, -6.989, -13.415, -37.617, -4.756, 7.32214166667, -39.4842444444, -4.756
00953, 9.897, -9.126, -6.97, -13.931, -37.881, -4.444, 6.80614166667, -39.7482444444, -4.444
00954, 9.897, -9.126, -6.97, -13.931, -37.881, -4.444, 6.80614166667, -39.7482444444, -4.444
00955, 10.14, -9.187, -6.939, -14.618, -38.213, -4.18, 6.11914166667, -40.0802444444, -4.18
00956, 10.14, -9.187, -6.939, -14.618, -38.213, -4.18, 6.11914166667, -40.0802444444, -4.18
00957, 10.342, -9.265, -6.895, -15.188, -38.706, -3.893, 5.54914166667, -40.5732444444, -3.893
00958, 10.342, -9.265, -6.895, -15.188, -38.706, -3.893, 5.54914166667, -40.5732444444, -3.893
00959, 10.531, -9.399, -6.837, -15.63, -39.45, -3.457, 5.10714166667, -41.3172444444, -3.457
00960, 10.531, -9.399, -6.837, -15.63, -39.45, -3.457, 5.10714166667, -41.3172444444, -3.457
00961, 10.678, -9.518, -6.798, -15.946, -40.079, -3.104, 4.79114166667, -41.9462444444, -3.104
00962, 10.678, -9.518, -6.798, -15.946, -40.079, -3.104, 4.79114166667, -41.9462444444, -3.104
00963, 10.82, -9.616, -6.768, -16.237, -40.589, -2.767, 4.50014166667, -42.4562444444, -2.767
00964, 10.82, -9.616, -6.768, -16.237, -40.589, -2.767, 4.50014166667, -42.4562444444, -2.767
00965, 10.944, -9.701, -6.732, -16.601, -41.045, -2.468, 4.13614166667, -42.9122444444, -2.468
00966, 10.944, -9.701, -6.732, -16.601, -41.045, -2.468, 4.13614166667, -42.9122444444, -2.468
00967, 11.028, -9.753, -6.706, -16.87, -41.324, -2.236, 3.86714166667, -43.1912444444, -2.236
00968, 11.028, -9.753, -6.706, -16.87, -41.324, -2.236, 3.86714166667, -43.1912444444, -2.236
00969, 11.071, -9.771, -6.71, -16.953, -41.349, -2.111, 3.78414166667, -43.2162444444, -2.111
00970, 11.071, -9.771, -6.71, -16.953, -41.349, -2.111, 3.78414166667, -43.2162444444, -2.111
00971, 11.076, -9.801, -6.732, -16.871, -41.419, -2.023, 3.86614166667, -43.2862444444, -2.023
00972, 11.076, -9.801, -6.732, -16.871, -41.419, -2.023, 3.86614166667, -43.2862444444, -2.023
00973, 11.128, -9.856, -6.739, -17.05, -41.684, -1.921, 3.68714166667, -43.5512444444, -1.921
00974, 11.128, -9.856, -6.739, -17.05, -41.684, -1.921, 3.68714166667, -43.5512444444, -1.921
00975, 11.301, -9.949, -6.706, -17.899, -42.145, -1.828, 2.83814166667, -44.0122444444, -1.828
00976, 11.301, -9.949, -6.706, -17.899, -42.145, -1.828, 2.83814166667, -44.0122444444, -1.828
00977, 11.607, -10.102, -6.627, -19.381, -42.969, -1.772, 1.35614166667, -44.8362444444, -1.772
00978, 11.607, -10.102, -6.627, -19.381, -42.969, -1.772, 1.35614166667, -44.8362444444, -1.772
00979, 11.959, -10.312, -6.548, -21.06, -44.058, -1.603, -0.322858333333, -45.9252444444, -1.603
00980, 11.959, -10.312, -6.548, -21.06, -44.058, -1.603, -0.322858333333, -45.9252444444, -1.603
00981, 12.371, -10.637, -6.421, -22.897, -45.63, -1.097, -2.15985833333, -47.4972444444, -1.097
00982, 12.371, -10.637, -6.421, -22.897, -45.63, -1.097, -2.15985833333, -47.4972444444, -1.097
00983, 12.77, -10.97, -6.249, -24.59, -47.255, -0.329, -3.85285833333, -49.1222444444, -0.329
00984, 12.77, -10.97, -6.249, -24.59, -47.255, -0.329, -3.85285833333, -49.1222444444, -0.329
00985, 13.194, -11.201, -6.114, -26.338, -48.237, 0.283, -5.60085833333, -50.1042444444, 0.283
00986, 13.194, -11.201, -6.114, -26.338, -48.237, 0.283, -5.60085833333, -50.1042444444, 0.283
00987, 13.582, -11.297, -6.035, -28.053, -48.631, 0.526, -7.31585833333, -50.4982444444, 0.526
00988, 13.582, -11.297, -6.035, -28.053, -48.631, 0.526, -7.31585833333, -50.4982444444, 0.526
00989, 14.031, -11.355, -5.846, -30.115, -48.871, 0.524, -9.37785833333, -50.7382444444, 0.524
00990, 14.031, -11.355, -5.846, -30.115, -48.871, 0.524, -9.37785833333, -50.7382444444, 0.524
00991, 14.377, -11.402, -5.727, -31.76, -49.038, 0.39, -11.0228583333, -50.9052444444, 0.39
00992, 14.377, -11.402, -5.727, -31.76, -49.038, 0.39, -11.0228583333, -50.9052444444, 0.39
00993, 14.559, -11.456, -5.709, -32.539, -49.122, 0.406, -11.8018583333, -50.9892444444, 0.406
00994, 14.559, -11.456, -5.709, -32.539, -49.122, 0.406, -11.8018583333, -50.9892444444, 0.406
00995, 14.484, -11.486, -5.842, -31.625, -48.89, 0.71, -10.8878583333, -50.7572444444, 0.71
00996, 14.484, -11.486, -5.842, -31.625, -48.89, 0.71, -10.8878583333, -50.7572444444, 0.71
00997, 14.106, -11.515, -6.112, -28.887, -48.482, 1.576, -8.14985833333, -50.3492444444, 1.576
00998, 14.106, -11.515, -6.112, -28.887, -48.482, 1.576, -8.14985833333, -50.3492444444, 1.576
00999, 13.415, -11.523, -6.481, -24.292, -47.848, 2.779, -3.55485833333, -49.7152444444, 2.779
01000, 13.415, -11.523, -6.481, -24.292, -47.848, 2.779, -3.55485833333, -49.7152444444, 2.779
01001, 12.536, -11.44, -6.841, -18.801, -46.925, 3.977, 1.93614166667, -48.7922444444, 3.977
01002, 12.536, -11.44, -6.841, -18.801, -46.925, 3.977, 1.93614166667, -48.7922444444, 3.977
01003, 11.599, -11.302, -7.135, -13.467, -45.992, 5.01, 7.27014166667, -47.8592444444, 5.01
01004, 11.599, -11.302, -7.135, -13.467, -45.992, 5.01, 7.27014166667, -47.8592444444, 5.01
01005, 10.84, -11.178, -7.291, -9.581, -45.286, 5.329, 11.1561416667, -47.1532444444, 5.329
01006, 10.84, -11.178, -7.291, -9.581, -45.286, 5.329, 11.1561416667, -47.1532444444, 5.329
01007, 10.305, -11.1, -7.375, -7.236, -44.877, 5.031, 13.5011416667, -46.7442444444, 5.031
01008, 10.305, -11.1, -7.375, -7.236, -44.877, 5.031, 13.5011416667, -46.7442444444, 5.031
01009, 9.846, -11.059, -7.431, -5.457, -44.708, 4.469, 15.2801416667, -46.5752444444, 4.469
01010, 9.846, -11.059, -7.431, -5.457, -44.708, 4.469, 15.2801416667, -46.5752444444, 4.469
01011, 9.412, -11.017, -7.488, -3.684, -44.464, 4.084, 17.0531416667, -46.3312444444, 4.084
01012, 9.412, -11.017, -7.488, -3.684, -44.464, 4.084, 17.0531416667, -46.3312444444, 4.084
01013, 8.97, -10.966, -7.532, -1.718, -44.142, 4.019, 19.0191416667, -46.0092444444, 4.019
01014, 8.97, -10.966, -7.532, -1.718, -44.142, 4.019, 19.0191416667, -46.0092444444, 4.019
01015, 8.532, -10.898, -7.538, 0.254, -43.797, 3.989, 20.9911416667, -45.6642444444, 3.989
01016, 8.532, -10.898, -7.538, 0.254, -43.797, 3.989, 20.9911416667, -45.6642444444, 3.989
01017, 8.201, -10.804, -7.533, 1.654, -43.312, 3.784, 22.3911416667, -45.1792444444, 3.784
01018, 8.201, -10.804, -7.533, 1.654, -43.312, 3.784, 22.3911416667, -45.1792444444, 3.784
01019, 7.975, -10.714, -7.491, 2.5, -42.988, 3.421, 23.2371416667, -44.8552444444, 3.421
01020, 7.975, -10.714, -7.491, 2.5, -42.988, 3.421, 23.2371416667, -44.8552444444, 3.421
01021, 7.826, -10.641, -7.427, 2.966, -42.745, 3.02, 23.7031416667, -44.6122444444, 3.02
01022, 7.826, -10.641, -7.427, 2.966, -42.745, 3.02, 23.7031416667, -44.6122444444, 3.02
01023, 7.72, -10.569, -7.373, 3.158, -42.405, 2.663, 23.8951416667, -44.2722444444, 2.663
01024, 7.72, -10.569, -7.373, 3.158, -42.405, 2.663, 23.8951416667, -44.2722444444, 2.663
01025, 7.627, -10.507, -7.328, 3.341, -42.161, 2.457, 24.0781416667, -44.0282444444, 2.457
01026, 7.627, -10.507, -7.328, 3.341, -42.161, 2.457, 24.0781416667, -44.0282444444, 2.457
01027, 7.504, -10.411, -7.303, 3.681, -41.779, 2.261, 24.4181416667, -43.6462444444, 2.261
01028, 7.504, -10.411, -7.303, 3.681, -41.779, 2.261, 24.4181416667, -43.6462444444, 2.261
01029, 7.337, -10.305, -7.284, 4.3, -41.333, 2.198, 25.0371416667, -43.2002444444, 2.198
01030, 7.337, -10.305, -7.284, 4.3, -41.333, 2.198, 25.0371416667, -43.2002444444, 2.198
01031, 7.105, -10.18, -7.273, 5.254, -40.773, 2.173, 25.9911416667, -42.6402444444, 2.173
01032, 7.105, -10.18, -7.273, 5.254, -40.773, 2.173, 25.9911416667, -42.6402444444, 2.173
01033, 6.819, -10.032, -7.259, 6.503, -40.119, 2.152, 27.2401416667, -41.9862444444, 2.152
01034, 6.819, -10.032, -7.259, 6.503, -40.119, 2.152, 27.2401416667, -41.9862444444, 2.152
01035, 6.523, -9.887, -7.249, 7.797, -39.419, 2.113, 28.5341416667, -41.2862444444, 2.113
01036, 6.523, -9.887, -7.249, 7.797, -39.419, 2.113, 28.5341416667, -41.2862444444, 2.113
01037, 6.252, -9.78, -7.23, 8.947, -38.878, 2.038, 29.6841416667, -40.7452444444, 2.038
01038, 6.252, -9.78, -7.23, 8.947, -38.878, 2.038, 29.6841416667, -40.7452444444, 2.038
01039, 6.004, -9.699, -7.201, 9.906, -38.495, 1.872, 30.6431416667, -40.3622444444, 1.872
01040, 6.004, -9.699, -7.201, 9.906, -38.495, 1.872, 30.6431416667, -40.3622444444, 1.872
01041, 5.799, -9.624, -7.182, 10.58, -38.148, 1.659, 31.3171416667, -40.0152444444, 1.659
01042, 5.799, -9.624, -7.182, 10.58, -38.148, 1.659, 31.3171416667, -40.0152444444, 1.659
01043, 5.66, -9.557, -7.167, 10.97, -37.886, 1.49, 31.7071416667, -39.7532444444, 1.49
01044, 5.66, -9.557, -7.167, 10.97, -37.886, 1.49, 31.7071416667, -39.7532444444, 1.49
01045, 5.515, -9.487, -7.152, 11.346, -37.555, 1.328, 32.0831416667, -39.4222444444, 1.328
01046, 5.515, -9.487, -7.152, 11.346, -37.555, 1.328, 32.0831416667, -39.4222444444, 1.328
01047, 5.389, -9.427, -7.137, 11.685, -37.29, 1.225, 32.4221416667, -39.1572444444, 1.225
01048, 5.389, -9.427, -7.137, 11.685, -37.29, 1.225, 32.4221416667, -39.1572444444, 1.225
01049, 5.266, -9.357, -7.134, 11.966, -36.993, 1.107, 32.7031416667, -38.8602444444, 1.107
01050, 5.266, -9.357, -7.134, 11.966, -36.993, 1.107, 32.7031416667, -38.8602444444, 1.107
01051, 5.162, -9.287, -7.129, 12.098, -36.681, 0.962, 32.8351416667, -38.5482444444, 0.962
01052, 5.162, -9.287, -7.129, 12.098, -36.681, 0.962, 32.8351416667, -38.5482444444, 0.962
01053, 5.095, -9.24, -7.124, 12.025, -36.443, 0.804, 32.7621416667, -38.3102444444, 0.804
01054, 5.095, -9.24, -7.124, 12.025, -36.443, 0.804, 32.7621416667, -38.3102444444, 0.804
01055, 5.045, -9.207, -7.111, 11.967, -36.291, 0.611, 32.7041416667, -38.1582444444, 0.611
01056, 5.045, -9.207, -7.111, 11.967, -36.291, 0.611, 32.7041416667, -38.1582444444, 0.611
01057, 4.982, -9.175, -7.107, 12.103, -36.132, 0.52, 32.8401416667, -37.9992444444, 0.52
01058, 4.982, -9.175, -7.107, 12.103, -36.132, 0.52, 32.8401416667, -37.9992444444, 0.52
01059, 4.912, -9.149, -7.104, 12.353, -35.984, 0.482, 33.0901416667, -37.8512444444, 0.482
01060, 4.912, -9.149, -7.104, 12.353, -35.984, 0.482, 33.0901416667, -37.8512444444, 0.482
01061, 4.841, -9.119, -7.092, 12.61, -35.854, 0.41, 33.3471416667, -37.7212444444, 0.41
01062, 4.841, -9.119, -7.092, 12.61, -35.854, 0.41, 33.3471416667, -37.7212444444, 0.41
01063, 4.774, -9.081, -7.072, 12.818, -35.754, 0.27, 33.5551416667, -37.6212444444, 0.27
01064, 4.774, -9.081, -7.072, 12.818, -35.754, 0.27, 33.5551416667, -37.6212444444, 0.27
01065, 4.727, -9.053, -7.063, 12.904, -35.653, 0.051, 33.6411416667, -37.5202444444, 0.051
01066, 4.727, -9.053, -7.063, 12.904, -35.653, 0.051, 33.6411416667, -37.5202444444, 0.051
01067, 4.684, -9.046, -7.069, 12.947, -35.663, -0.137, 33.6841416667, -37.5302444444, -0.137
01068, 4.684, -9.046, -7.069, 12.947, -35.663, -0.137, 33.6841416667, -37.5302444444, -0.137
01069, 4.634, -9.061, -7.074, 13.034, -35.662, -0.284, 33.7711416667, -37.5292444444, -0.284
01070, 4.634, -9.061, -7.074, 13.034, -35.662, -0.284, 33.7711416667, -37.5292444444, -0.284
01071, 4.578, -9.085, -7.076, 13.23, -35.724, -0.314, 33.9671416667, -37.5912444444, -0.314
01072, 4.578, -9.085, -7.076, 13.23, -35.724, -0.314, 33.9671416667, -37.5912444444, -0.314
01073, 4.527, -9.109, -7.083, 13.397, -35.843, -0.35, 34.1341416667, -37.7102444444, -0.35
01074, 4.527, -9.109, -7.083, 13.397, -35.843, -0.35, 34.1341416667, -37.7102444444, -0.35
01075, 4.478, -9.117, -7.092, 13.547, -35.888, -0.412, 34.2841416667, -37.7552444444, -0.412
01076, 4.478, -9.117, -7.092, 13.547, -35.888, -0.412, 34.2841416667, -37.7552444444, -0.412
01077, 4.429, -9.123, -7.093, 13.694, -35.915, -0.466, 34.4311416667, -37.7822444444, -0.466
01078, 4.429, -9.123, -7.093, 13.694, -35.915, -0.466, 34.4311416667, -37.7822444444, -0.466
01079, 4.383, -9.116, -7.097, 13.834, -35.897, -0.536, 34.5711416667, -37.7642444444, -0.536
01080, 4.383, -9.116, -7.097, 13.834, -35.897, -0.536, 34.5711416667, -37.7642444444, -0.536
01081, 4.356, -9.085, -7.12, 13.914, -35.745, -0.573, 34.6511416667, -37.6122444444, -0.573
01082, 4.356, -9.085, -7.12, 13.914, -35.745, -0.573, 34.6511416667, -37.6122444444, -0.573
01083, 4.327, -9.025, -7.147, 14.039, -35.426, -0.571, 34.7761416667, -37.2932444444, -0.571
01084, 4.327, -9.025, -7.147, 14.039, -35.426, -0.571, 34.7761416667, -37.2932444444, -0.571
01085, 4.293, -8.926, -7.172, 14.189, -34.897, -0.566, 34.9261416667, -36.7642444444, -0.566
01086, 4.293, -8.926, -7.172, 14.189, -34.897, -0.566, 34.9261416667, -36.7642444444, -0.566
01087, 4.267, -8.796, -7.189, 14.297, -34.271, -0.568, 35.0341416667, -36.1382444444, -0.568
01088, 4.267, -8.796, -7.189, 14.297, -34.271, -0.568, 35.0341416667, -36.1382444444, -0.568
01089, 4.254, -8.713, -7.184, 14.326, -33.901, -0.616, 35.0631416667, -35.7682444444, -0.616
01090, 4.254, -8.713, -7.184, 14.326, -33.901, -0.616, 35.0631416667, -35.7682444444, -0.616
01091, 4.244, -8.656, -7.164, 14.274, -33.692, -0.752, 35.0111416667, -35.5592444444, -0.752
01092, 4.244, -8.656, -7.164, 14.274, -33.692, -0.752, 35.0111416667, -35.5592444444, -0.752
01093, 4.236, -8.603, -7.126, 14.184, -33.493, -0.841, 34.9211416667, -35.3602444444, -0.841
01094, 4.236, -8.603, -7.126, 14.184, -33.493, -0.841, 34.9211416667, -35.3602444444, -0.841
01095, 4.251, -8.554, -7.082, 14.002, -33.327, -0.912, 34.7391416667, -35.1942444444, -0.912
01096, 4.251, -8.554, -7.082, 14.002, -33.327, -0.912, 34.7391416667, -35.1942444444, -0.912
01097, 4.277, -8.485, -7.028, 13.776, -33.11, -0.971, 34.5131416667, -34.9772444444, -0.971
01098, 4.277, -8.485, -7.028, 13.776, -33.11, -0.971, 34.5131416667, -34.9772444444, -0.971
01099, 4.315, -8.392, -6.976, 13.531, -32.788, -0.983, 34.2681416667, -34.6552444444, -0.983
01100, 4.315, -8.392, -6.976, 13.531, -32.788, -0.983, 34.2681416667, -34.6552444444, -0.983
01101, 4.357, -8.257, -6.92, 13.321, -32.263, -0.982, 34.0581416667, -34.1302444444, -0.982
01102, 4.357, -8.257, -6.92, 13.321, -32.263, -0.982, 34.0581416667, -34.1302444444, -0.982
01103, 4.404, -7.992, -6.853, 13.109, -31.164, -1.035, 33.8461416667, -33.0312444444, -1.035
01104, 4.404, -7.992, -6.853, 13.109, -31.164, -1.035, 33.8461416667, -33.0312444444, -1.035
01105, 4.47, -7.529, -6.783, 12.876, -29.188, -1.078, 33.6131416667, -31.0552444444, -1.078
01106, 4.47, -7.529, -6.783, 12.876, -29.188, -1.078, 33.6131416667, -31.0552444444, -1.078
01107, 4.627, -6.932, -6.636, 12.28, -26.878, -0.994, 33.0171416667, -28.7452444444, -0.994
01108, 4.627, -6.932, -6.636, 12.28, -26.878, -0.994, 33.0171416667, -28.7452444444, -0.994
01109, 4.788, -6.373, -6.442, 11.853, -24.658, -0.841, 32.5901416667, -26.5252444444, -0.841
01110, 4.788, -6.373, -6.442, 11.853, -24.658, -0.841, 32.5901416667, -26.5252444444, -0.841
01111, 4.89, -5.947, -6.221, 11.876, -22.833, -0.719, 32.6131416667, -24.7002444444, -0.719
01112, 4.89, -5.947, -6.221, 11.876, -22.833, -0.719, 32.6131416667, -24.7002444444, -0.719
01113, 4.92, -5.606, -5.985, 12.509, -21.205, -0.475, 33.2461416667, -23.0722444444, -0.475
01114, 4.92, -5.606, -5.985, 12.509, -21.205, -0.475, 33.2461416667, -23.0722444444, -0.475
01115, 4.866, -5.326, -5.756, 13.727, -19.87, -0.084, 34.4641416667, -21.7372444444, -0.084
01116, 4.866, -5.326, -5.756, 13.727, -19.87, -0.084, 34.4641416667, -21.7372444444, -0.084
01117, 4.783, -5.091, -5.534, 15.054, -18.724, 0.311, 35.7911416667, -20.5912444444, 0.311
01118, 4.783, -5.091, -5.534, 15.054, -18.724, 0.311, 35.7911416667, -20.5912444444, 0.311
01119, 4.72, -4.914, -5.304, 16.266, -17.769, 0.604, 37.0031416667, -19.6362444444, 0.604
01120, 4.72, -4.914, -5.304, 16.266, -17.769, 0.604, 37.0031416667, -19.6362444444, 0.604
01121, 4.686, -4.863, -5.159, 17.082, -17.439, 0.785, 37.8191416667, -19.3062444444, 0.785
01122, 4.686, -4.863, -5.159, 17.082, -17.439, 0.785, 37.8191416667, -19.3062444444, 0.785
01123, 4.623, -4.919, -5.101, 17.921, -17.585, 0.907, 38.6581416667, -19.4522444444, 0.907
01124, 4.623, -4.919, -5.101, 17.921, -17.585, 0.907, 38.6581416667, -19.4522444444, 0.907
01125, 4.484, -4.993, -5.084, 19.068, -17.747, 1.082, 39.8051416667, -19.6142444444, 1.082
01126, 4.484, -4.993, -5.084, 19.068, -17.747, 1.082, 39.8051416667, -19.6142444444, 1.082
01127, 4.223, -5.101, -5.053, 20.874, -18.052, 1.328, 41.6111416667, -19.9192444444, 1.328
01128, 4.223, -5.101, -5.053, 20.874, -18.052, 1.328, 41.6111416667, -19.9192444444, 1.328
01129, 3.881, -5.259, -5.026, 23.097, -18.752, 1.656, 43.8341416667, -20.6192444444, 1.656
01130, 3.881, -5.259, -5.026, 23.097, -18.752, 1.656, 43.8341416667, -20.6192444444, 1.656
01131, 3.421, -5.494, -5.032, 25.913, -19.784, 2.137, 46.6501416667, -21.6512444444, 2.137
01132, 3.421, -5.494, -5.032, 25.913, -19.784, 2.137, 46.6501416667, -21.6512444444, 2.137
01133, 2.979, -5.722, -5.097, 28.276, -20.699, 2.622, 49.0131416667, -22.5662444444, 2.622
01134, 2.979, -5.722, -5.097, 28.276, -20.699, 2.622, 49.0131416667, -22.5662444444, 2.622
01135, 2.625, -5.944, -5.201, 29.843, -21.555, 2.802, 50.5801416667, -23.4222444444, 2.802
01136, 2.625, -5.944, -5.201, 29.843, -21.555, 2.802, 50.5801416667, -23.4222444444, 2.802
01137, 2.324, -6.135, -5.334, 30.685, -22.166, 2.74, 51.4221416667, -24.0332444444, 2.74
01138, 2.324, -6.135, -5.334, 30.685, -22.166, 2.74, 51.4221416667, -24.0332444444, 2.74
01139, 2.048, -6.289, -5.429, 31.34, -22.727, 2.519, 52.0771416667, -24.5942444444, 2.519
01140, 2.048, -6.289, -5.429, 31.34, -22.727, 2.519, 52.0771416667, -24.5942444444, 2.519
01141, 1.827, -6.393, -5.474, 31.897, -23.149, 2.391, 52.6341416667, -25.0162444444, 2.391
01142, 1.827, -6.393, -5.474, 31.897, -23.149, 2.391, 52.6341416667, -25.0162444444, 2.391
01143, 1.637, -6.457, -5.49, 32.352, -23.306, 2.215, 53.0891416667, -25.1732444444, 2.215
01144, 1.637, -6.457, -5.49, 32.352, -23.306, 2.215, 53.0891416667, -25.1732444444, 2.215
01145, 1.497, -6.519, -5.488, 32.686, -23.541, 2.005, 53.4231416667, -25.4082444444, 2.005
01146, 1.497, -6.519, -5.488, 32.686, -23.541, 2.005, 53.4231416667, -25.4082444444, 2.005
01147, 1.452, -6.565, -5.501, 32.638, -23.728, 1.857, 53.3751416667, -25.5952444444, 1.857
01148, 1.452, -6.565, -5.501, 32.638, -23.728, 1.857, 53.3751416667, -25.5952444444, 1.857
01149, 1.47, -6.577, -5.514, 32.322, -23.76, 1.633, 53.0591416667, -25.6272444444, 1.633
01150, 1.47, -6.577, -5.514, 32.322, -23.76, 1.633, 53.0591416667, -25.6272444444, 1.633
01151, 1.502, -6.56, -5.499, 31.984, -23.668, 1.351, 52.7211416667, -25.5352444444, 1.351
01152, 1.502, -6.56, -5.499, 31.984, -23.668, 1.351, 52.7211416667, -25.5352444444, 1.351
01153, 1.512, -6.538, -5.438, 31.861, -23.631, 1.135, 52.5981416667, -25.4982444444, 1.135
01154, 1.512, -6.538, -5.438, 31.861, -23.631, 1.135, 52.5981416667, -25.4982444444, 1.135
01155, 1.458, -6.514, -5.339, 32.049, -23.619, 0.963, 52.7861416667, -25.4862444444, 0.963
01156, 1.458, -6.514, -5.339, 32.049, -23.619, 0.963, 52.7861416667, -25.4862444444, 0.963
01157, 1.343, -6.507, -5.239, 32.474, -23.62, 0.778, 53.2111416667, -25.4872444444, 0.778
01158, 1.343, -6.507, -5.239, 32.474, -23.62, 0.778, 53.2111416667, -25.4872444444, 0.778
01159, 1.16, -6.495, -5.101, 33.165, -23.579, 0.578, 53.9021416667, -25.4462444444, 0.578
01160, 1.16, -6.495, -5.101, 33.165, -23.579, 0.578, 53.9021416667, -25.4462444444, 0.578
01161, 0.957, -6.497, -4.969, 33.801, -23.596, 0.338, 54.5381416667, -25.4632444444, 0.338
01162, 0.957, -6.497, -4.969, 33.801, -23.596, 0.338, 54.5381416667, -25.4632444444, 0.338
01163, 0.773, -6.498, -4.86, 34.19, -23.648, 0.014, 54.9271416667, -25.5152444444, 0.014
01164, 0.773, -6.498, -4.86, 34.19, -23.648, 0.014, 54.9271416667, -25.5152444444, 0.014
01165, 0.626, -6.484, -4.77, 34.352, -23.638, -0.303, 55.0891416667, -25.5052444444, -0.303
01166, 0.626, -6.484, -4.77, 34.352, -23.638, -0.303, 55.0891416667, -25.5052444444, -0.303
01167, 0.469, -6.443, -4.683, 34.595, -23.456, -0.549, 55.3321416667, -25.3232444444, -0.549
01168, 0.469, -6.443, -4.683, 34.595, -23.456, -0.549, 55.3321416667, -25.3232444444, -0.549
01169, 0.326, -6.411, -4.605, 34.849, -23.347, -0.733, 55.5861416667, -25.2142444444, -0.733
01170, 0.326, -6.411, -4.605, 34.849, -23.347, -0.733, 55.5861416667, -25.2142444444, -0.733
01171, 0.165, -6.38, -4.539, 35.131, -23.235, -0.917, 55.8681416667, -25.1022444444, -0.917
01172, 0.165, -6.38, -4.539, 35.131, -23.235, -0.917, 55.8681416667, -25.1022444444, -0.917
01173, -0.026, -6.349, -4.468, 35.585, -23.095, -1.079, 56.3221416667, -24.9622444444, -1.079
01174, -0.026, -6.349, -4.468, 35.585, -23.095, -1.079, 56.3221416667, -24.9622444444, -1.079
01175, -0.246, -6.323, -4.376, 36.331, -22.993, -1.197, 57.0681416667, -24.8602444444, -1.197
01176, -0.246, -6.323, -4.376, 36.331, -22.993, -1.197, 57.0681416667, -24.8602444444, -1.197
01177, -0.54, -6.303, -4.233, 37.537, -22.898, -1.311, 58.2741416667, -24.7652444444, -1.311
01178, -0.54, -6.303, -4.233, 37.537, -22.898, -1.311, 58.2741416667, -24.7652444444, -1.311
01179, -0.974, -6.235, -3.972, 39.771, -22.578, -1.339, 60.5081416667, -24.4452444444, -1.339
01180, -0.974, -6.235, -3.972, 39.771, -22.578, -1.339, 60.5081416667, -24.4452444444, -1.339
01181, -1.457, -6.181, -3.622, 42.518, -22.425, -1.238, 63.2551416667, -24.2922444444, -1.238
01182, -1.457, -6.181, -3.622, 42.518, -22.425, -1.238, 63.2551416667, -24.2922444444, -1.238
01183, -1.926, -6.147, -3.24, 45.165, -22.32, -1.336, 65.9021416667, -24.1872444444, -1.336
01184, -1.926, -6.147, -3.24, 45.165, -22.32, -1.336, 65.9021416667, -24.1872444444, -1.336
01185, -2.326, -6.122, -2.891, 47.301, -22.092, -1.615, 68.0381416667, -23.9592444444, -1.615
01186, -2.326, -6.122, -2.891, 47.301, -22.092, -1.615, 68.0381416667, -23.9592444444, -1.615
01187, -2.601, -6.097, -2.627, 48.749, -21.976, -1.895, 69.4861416667, -23.8432444444, -1.895
01188, -2.601, -6.097, -2.627, 48.749, -21.976, -1.895, 69.4861416667, -23.8432444444, -1.895
01189, -2.796, -6.058, -2.437, 49.701, -21.886, -2.182, 70.4381416667, -23.7532444444, -2.182
01190, -2.796, -6.058, -2.437, 49.701, -21.886, -2.182, 70.4381416667, -23.7532444444, -2.182
01191, -2.992, -6.017, -2.28, 50.504, -21.668, -2.504, 71.2411416667, -23.5352444444, -2.504
01192, -2.992, -6.017, -2.28, 50.504, -21.668, -2.504, 71.2411416667, -23.5352444444, -2.504
01193, -3.224, -5.997, -2.139, 51.297, -21.416, -2.827, 72.0341416667, -23.2832444444, -2.827
01194, -3.224, -5.997, -2.139, 51.297, -21.416, -2.827, 72.0341416667, -23.2832444444, -2.827
01195, -3.549, -5.987, -1.968, 52.299, -21.209, -3.222, 73.0361416667, -23.0762444444, -3.222
01196, -3.549, -5.987, -1.968, 52.299, -21.209, -3.222, 73.0361416667, -23.0762444444, -3.222
01197, -3.969, -5.973, -1.737, 53.624, -21.089, -3.607, 74.3611416667, -22.9562444444, -3.607
01198, -3.969, -5.973, -1.737, 53.624, -21.089, -3.607, 74.3611416667, -22.9562444444, -3.607
01199, -4.448, -5.942, -1.439, 55.181, -20.887, -3.954, 75.9181416667, -22.7542444444, -3.954
01200, -4.448, -5.942, -1.439, 55.181, -20.887, -3.954, 75.9181416667, -22.7542444444, -3.954
01201, -5.027, -5.921, -1.022, 57.167, -20.686, -4.395, 77.9041416667, -22.5532444444, -4.395
01202, -5.027, -5.921, -1.022, 57.167, -20.686, -4.395, 77.9041416667, -22.5532444444, -4.395
01203, -5.664, -5.909, -0.545, 59.408, -20.549, -4.9, 80.1451416667, -22.4162444444, -4.9
01204, -5.664, -5.909, -0.545, 59.408, -20.549, -4.9, 80.1451416667, -22.4162444444, -4.9
01205, -6.273, -5.895, -0.085, 61.48, -20.408, -5.407, 82.2171416667, -22.2752444444, -5.407
01206, -6.273, -5.895, -0.085, 61.48, -20.408, -5.407, 82.2171416667, -22.2752444444, -5.407
01207, -6.903, -5.893, 0.551, 63.652, -20.275, -6.01, 84.3891416667, -22.1422444444, -6.01
01208, -6.903, -5.893, 0.551, 63.652, -20.275, -6.01, 84.3891416667, -22.1422444444, -6.01
01209, -7.514, -5.922, 1.19, 65.827, -20.274, -6.627, 86.5641416667, -22.1412444444, -6.627
01210, -7.514, -5.922, 1.19, 65.827, -20.274, -6.627, 86.5641416667, -22.1412444444, -6.627
01211, -8.044, -6.005, 1.769, 67.795, -20.546, -7.311, 88.5321416667, -22.4132444444, -7.311
01212, -8.044, -6.005, 1.769, 67.795, -20.546, -7.311, 88.5321416667, -22.4132444444, -7.311
01213, -8.54, -6.091, 2.331, 69.694, -20.812, -7.964, 90.4311416667, -22.6792444444, -7.964
01214, -8.54, -6.091, 2.331, 69.694, -20.812, -7.964, 90.4311416667, -22.6792444444, -7.964
01215, -8.988, -6.153, 2.849, 71.57, -20.966, -8.464, 92.3071416667, -22.8332444444, -8.464
01216, -8.988, -6.153, 2.849, 71.57, -20.966, -8.464, 92.3071416667, -22.8332444444, -8.464
01217, -9.36, -6.208, 3.288, 73.283, -21.139, -8.822, 94.0201416667, -23.0062444444, -8.822
01218, -9.36, -6.208, 3.288, 73.283, -21.139, -8.822, 94.0201416667, -23.0062444444, -8.822
01219, -9.723, -6.316, 3.737, 75.195, -21.571, -9.322, 95.9321416667, -23.4382444444, -9.322
01220, -9.723, -6.316, 3.737, 75.195, -21.571, -9.322, 95.9321416667, -23.4382444444, -9.322
01221, -10.028, -6.422, 4.135, 77.005, -21.913, -9.696, 97.7421416667, -23.7802444444, -9.696
01222, -10.028, -6.422, 4.135, 77.005, -21.913, -9.696, 97.7421416667, -23.7802444444, -9.696
01223, -10.237, -6.491, 4.505, 78.645, -22.029, -10.076, 99.3821416667, -23.8962444444, -10.076
01224, -10.237, -6.491, 4.505, 78.645, -22.029, -10.076, 99.3821416667, -23.8962444444, -10.076
01225, -10.373, -6.513, 4.837, 80.039, -21.99, -10.429, 100.776141667, -23.8572444444, -10.429
01226, -10.373, -6.513, 4.837, 80.039, -21.99, -10.429, 100.776141667, -23.8572444444, -10.429
01227, -10.452, -6.53, 5.13, 81.157, -21.911, -10.808, 101.894141667, -23.7782444444, -10.808
01228, -10.452, -6.53, 5.13, 81.157, -21.911, -10.808, 101.894141667, -23.7782444444, -10.808
01229, -10.511, -6.535, 5.371, 82.17, -21.841, -11.107, 102.907141667, -23.7082444444, -11.107
01230, -10.511, -6.535, 5.371, 82.17, -21.841, -11.107, 102.907141667, -23.7082444444, -11.107
01231, -10.571, -6.582, 5.615, 83.336, -21.918, -11.442, 104.073141667, -23.7852444444, -11.442
01232, -10.571, -6.582, 5.615, 83.336, -21.918, -11.442, 104.073141667, -23.7852444444, -11.442
01233, -10.622, -6.673, 5.767, 84.228, -22.142, -11.705, 104.965141667, -24.0092444444, -11.705
01234, -10.622, -6.673, 5.767, 84.228, -22.142, -11.705, 104.965141667, -24.0092444444, -11.705
01235, -10.661, -6.762, 5.821, 84.742, -22.383, -11.839, 105.479141667, -24.2502444444, -11.839
01236, -10.661, -6.762, 5.821, 84.742, -22.383, -11.839, 105.479141667, -24.2502444444, -11.839
01237, -10.672, -6.864, 5.727, 84.637, -22.669, -11.918, 105.374141667, -24.5362444444, -11.918
01238, -10.672, -6.864, 5.727, 84.637, -22.669, -11.918, 105.374141667, -24.5362444444, -11.918
01239, -10.657, -6.983, 5.52, 84.049, -23.061, -12.048, 104.786141667, -24.9282444444, -12.048
01240, -10.657, -6.983, 5.52, 84.049, -23.061, -12.048, 104.786141667, -24.9282444444, -12.048
01241, -10.636, -7.052, 5.227, 83.177, -23.285, -11.964, 103.914141667, -25.1522444444, -11.964
01242, -10.636, -7.052, 5.227, 83.177, -23.285, -11.964, 103.914141667, -25.1522444444, -11.964
01243, -10.629, -7.108, 4.916, 82.428, -23.468, -11.753, 103.165141667, -25.3352444444, -11.753
01244, -10.629, -7.108, 4.916, 82.428, -23.468, -11.753, 103.165141667, -25.3352444444, -11.753
01245, -10.602, -7.248, 4.691, 82.059, -24.111, -11.762, 102.796141667, -25.9782444444, -11.762
01246, -10.602, -7.248, 4.691, 82.059, -24.111, -11.762, 102.796141667, -25.9782444444, -11.762
01247, -10.564, -7.454, 4.552, 81.94, -25.03, -12.082, 102.677141667, -26.8972444444, -12.082
01248, -10.564, -7.454, 4.552, 81.94, -25.03, -12.082, 102.677141667, -26.8972444444, -12.082
01249, -10.498, -7.689, 4.433, 81.786, -26.112, -12.502, 102.523141667, -27.9792444444, -12.502
01250, -10.498, -7.689, 4.433, 81.786, -26.112, -12.502, 102.523141667, -27.9792444444, -12.502
01251, -10.426, -7.857, 4.332, 81.562, -26.892, -12.814, 102.299141667, -28.7592444444, -12.814
01252, -10.426, -7.857, 4.332, 81.562, -26.892, -12.814, 102.299141667, -28.7592444444, -12.814
01253, -10.36, -7.944, 4.245, 81.421, -27.336, -12.918, 102.158141667, -29.2032444444, -12.918
01254, -10.36, -7.944, 4.245, 81.421, -27.336, -12.918, 102.158141667, -29.2032444444, -12.918
01255, -10.295, -7.991, 4.196, 81.438, -27.599, -12.869, 102.175141667, -29.4662444444, -12.869
01256, -10.295, -7.991, 4.196, 81.438, -27.599, -12.869, 102.175141667, -29.4662444444, -12.869
01257, -10.255, -7.993, 4.181, 81.609, -27.661, -12.729, 102.346141667, -29.5282444444, -12.729
01258, -10.255, -7.993, 4.181, 81.609, -27.661, -12.729, 102.346141667, -29.5282444444, -12.729
01259, -10.229, -7.95, 4.19, 81.78, -27.566, -12.592, 102.517141667, -29.4332444444, -12.592
01260, -10.229, -7.95, 4.19, 81.78, -27.566, -12.592, 102.517141667, -29.4332444444, -12.592
01261, -10.213, -7.897, 4.19, 81.802, -27.344, -12.547, 102.539141667, -29.2112444444, -12.547
01262, -10.213, -7.897, 4.19, 81.802, -27.344, -12.547, 102.539141667, -29.2112444444, -12.547
01263, -10.225, -7.856, 4.218, 81.898, -27.086, -12.441, 102.635141667, -28.9532444444, -12.441
01264, -10.225, -7.856, 4.218, 81.898, -27.086, -12.441, 102.635141667, -28.9532444444, -12.441
01265, -10.273, -7.781, 4.357, 82.693, -26.728, -12.16, 103.430141667, -28.5952444444, -12.16
01266, -10.273, -7.781, 4.357, 82.693, -26.728, -12.16, 103.430141667, -28.5952444444, -12.16
01267, -10.32, -7.618, 4.591, 83.943, -26.136, -11.693, 104.680141667, -28.0032444444, -11.693
01268, -10.32, -7.618, 4.591, 83.943, -26.136, -11.693, 104.680141667, -28.0032444444, -11.693
01269, -10.351, -7.4, 4.836, 85.128, -25.332, -11.07, 105.865141667, -27.1992444444, -11.07
01270, -10.351, -7.4, 4.836, 85.128, -25.332, -11.07, 105.865141667, -27.1992444444, -11.07
01271, -10.363, -7.196, 5.072, 86.135, -24.597, -10.531, 106.872141667, -26.4642444444, -10.531
01272, -10.363, -7.196, 5.072, 86.135, -24.597, -10.531, 106.872141667, -26.4642444444, -10.531
01273, -10.368, -7.054, 5.232, 86.75, -23.96, -10.186, 107.487141667, -25.8272444444, -10.186
01274, -10.368, -7.054, 5.232, 86.75, -23.96, -10.186, 107.487141667, -25.8272444444, -10.186
01275, -10.38, -6.937, 5.367, 87.181, -23.327, -9.977, 107.918141667, -25.1942444444, -9.977
01276, -10.38, -6.937, 5.367, 87.181, -23.327, -9.977, 107.918141667, -25.1942444444, -9.977
01277, -10.391, -6.807, 5.539, 87.917, -22.668, -9.703, 108.654141667, -24.5352444444, -9.703
01278, -10.391, -6.807, 5.539, 87.917, -22.668, -9.703, 108.654141667, -24.5352444444, -9.703
01279, -10.397, -6.642, 5.79, 89.052, -21.851, -9.287, 109.789141667, -23.7182444444, -9.287
01280, -10.397, -6.642, 5.79, 89.052, -21.851, -9.287, 109.789141667, -23.7182444444, -9.287
01281, -10.389, -6.478, 6.009, 89.971, -21.105, -8.951, 110.708141667, -22.9722444444, -8.951
01282, -10.389, -6.478, 6.009, 89.971, -21.105, -8.951, 110.708141667, -22.9722444444, -8.951
01283, -10.356, -6.366, 6.135, 90.312, -20.489, -8.999, 111.049141667, -22.3562444444, -8.999
01284, -10.356, -6.366, 6.135, 90.312, -20.489, -8.999, 111.049141667, -22.3562444444, -8.999
01285, -10.308, -6.3, 6.172, 90.221, -19.968, -9.186, 110.958141667, -21.8352444444, -9.186
01286, -10.308, -6.3, 6.172, 90.221, -19.968, -9.186, 110.958141667, -21.8352444444, -9.186
01287, -10.239, -6.158, 6.11, 89.644, -19.071, -9.161, 110.381141667, -20.9382444444, -9.161
01288, -10.239, -6.158, 6.11, 89.644, -19.071, -9.161, 110.381141667, -20.9382444444, -9.161
01289, -10.111, -5.832, 5.861, 88.036, -17.316, -8.897, 108.773141667, -19.1832444444, -8.897
01290, -10.111, -5.832, 5.861, 88.036, -17.316, -8.897, 108.773141667, -19.1832444444, -8.897
01291, -9.925, -5.403, 5.551, 86.036, -15.224, -8.526, 106.773141667, -17.0912444444, -8.526
01292, -9.925, -5.403, 5.551, 86.036, -15.224, -8.526, 106.773141667, -17.0912444444, -8.526
01293, -9.71, -5.015, 5.308, 84.411, -13.453, -8.014, 105.148141667, -15.3202444444, -8.014
01294, -9.71, -5.015, 5.308, 84.411, -13.453, -8.014, 105.148141667, -15.3202444444, -8.014
01295, -9.488, -4.705, 5.128, 83.224, -12.043, -7.576, 103.961141667, -13.9102444444, -7.576
01296, -9.488, -4.705, 5.128, 83.224, -12.043, -7.576, 103.961141667, -13.9102444444, -7.576
01297, -9.273, -4.432, 4.964, 82.059, -10.805, -7.197, 102.796141667, -12.6722444444, -7.197
01298, -9.273, -4.432, 4.964, 82.059, -10.805, -7.197, 102.796141667, -12.6722444444, -7.197
01299, -9.035, -4.139, 4.795, 80.8, -9.364, -6.919, 101.537141667, -11.2312444444, -6.919
01300, -9.035, -4.139, 4.795, 80.8, -9.364, -6.919, 101.537141667, -11.2312444444, -6.919
01301, -8.814, -3.92, 4.626, 79.599, -8.294, -6.721, 100.336141667, -10.1612444444, -6.721
01302, -8.814, -3.92, 4.626, 79.599, -8.294, -6.721, 100.336141667, -10.1612444444, -6.721
01303, -8.617, -3.782, 4.403, 78.245, -7.628, -6.557, 98.9821416667, -9.49524444444, -6.557
01304, -8.617, -3.782, 4.403, 78.245, -7.628, -6.557, 98.9821416667, -9.49524444444, -6.557
01305, -8.448, -3.688, 4.161, 77.041, -7.285, -6.38, 97.7781416667, -9.15224444444, -6.38
01306, -8.448, -3.688, 4.161, 77.041, -7.285, -6.38, 97.7781416667, -9.15224444444, -6.38
01307, -8.298, -3.62, 3.937, 75.978, -7.05, -6.15, 96.7151416667, -8.91724444444, -6.15
01308, -8.298, -3.62, 3.937, 75.978, -7.05, -6.15, 96.7151416667, -8.91724444444, -6.15
01309, -8.164, -3.552, 3.735, 75.06, -6.77, -5.941, 95.7971416667, -8.63724444444, -5.941
01310, -8.164, -3.552, 3.735, 75.06, -6.77, -5.941, 95.7971416667, -8.63724444444, -5.941
01311, -8.043, -3.482, 3.507, 73.969, -6.491, -5.761, 94.7061416667, -8.35824444444, -5.761
01312, -8.043, -3.482, 3.507, 73.969, -6.491, -5.761, 94.7061416667, -8.35824444444, -5.761
01313, -7.929, -3.436, 3.211, 72.532, -6.342, -5.596, 93.2691416667, -8.20924444444, -5.596
01314, -7.929, -3.436, 3.211, 72.532, -6.342, -5.596, 93.2691416667, -8.20924444444, -5.596
01315, -7.809, -3.399, 2.968, 71.139, -6.179, -5.492, 91.8761416667, -8.04624444444, -5.492
01316, -7.809, -3.399, 2.968, 71.139, -6.179, -5.492, 91.8761416667, -8.04624444444, -5.492
01317, -7.683, -3.374, 2.757, 69.912, -6.066, -5.357, 90.6491416667, -7.93324444444, -5.357
01318, -7.683, -3.374, 2.757, 69.912, -6.066, -5.357, 90.6491416667, -7.93324444444, -5.357
01319, -7.549, -3.356, 2.552, 68.689, -6.086, -5.247, 89.4261416667, -7.95324444444, -5.247
01320, -7.549, -3.356, 2.552, 68.689, -6.086, -5.247, 89.4261416667, -7.95324444444, -5.247
01321, -7.4, -3.342, 2.306, 67.237, -6.133, -5.159, 87.9741416667, -8.00024444444, -5.159
01322, -7.4, -3.342, 2.306, 67.237, -6.133, -5.159, 87.9741416667, -8.00024444444, -5.159
01323, -7.22, -3.34, 2.019, 65.603, -6.19, -5.201, 86.3401416667, -8.05724444444, -5.201
01324, -7.22, -3.34, 2.019, 65.603, -6.19, -5.201, 86.3401416667, -8.05724444444, -5.201
01325, -7.03, -3.344, 1.723, 64.0, -6.204, -5.339, 84.7371416667, -8.07124444444, -5.339
01326, -7.03, -3.344, 1.723, 64.0, -6.204, -5.339, 84.7371416667, -8.07124444444, -5.339
01327, -6.8, -3.333, 1.354, 62.348, -6.259, -5.381, 83.0851416667, -8.12624444444, -5.381
01328, -6.8, -3.333, 1.354, 62.348, -6.259, -5.381, 83.0851416667, -8.12624444444, -5.381
01329, -6.515, -3.3, 0.973, 60.785, -6.29, -5.219, 81.5221416667, -8.15724444444, -5.219
01330, -6.515, -3.3, 0.973, 60.785, -6.29, -5.219, 81.5221416667, -8.15724444444, -5.219
01331, -6.208, -3.318, 0.685, 59.425, -6.481, -5.046, 80.1621416667, -8.34824444444, -5.046
01332, -6.208, -3.318, 0.685, 59.425, -6.481, -5.046, 80.1621416667, -8.34824444444, -5.046
01333, -5.908, -3.364, 0.46, 58.326, -6.804, -4.901, 79.0631416667, -8.67124444444, -4.901
01334, -5.908, -3.364, 0.46, 58.326, -6.804, -4.901, 79.0631416667, -8.67124444444, -4.901
01335, -5.562, -3.4, 0.238, 57.182, -7.05, -4.814, 77.9191416667, -8.91724444444, -4.814
01336, -5.562, -3.4, 0.238, 57.182, -7.05, -4.814, 77.9191416667, -8.91724444444, -4.814
01337, -5.203, -3.438, 0.022, 55.861, -7.362, -4.744, 76.5981416667, -9.22924444444, -4.744
01338, -5.203, -3.438, 0.022, 55.861, -7.362, -4.744, 76.5981416667, -9.22924444444, -4.744
01339, -4.78, -3.499, -0.255, 54.13, -7.827, -4.692, 74.8671416667, -9.69424444444, -4.692
01340, -4.78, -3.499, -0.255, 54.13, -7.827, -4.692, 74.8671416667, -9.69424444444, -4.692
01341, -4.338, -3.542, -0.528, 52.407, -8.143, -4.569, 73.1441416667, -10.0102444444, -4.569
01342, -4.338, -3.542, -0.528, 52.407, -8.143, -4.569, 73.1441416667, -10.0102444444, -4.569
01343, -3.913, -3.568, -0.782, 50.822, -8.43, -4.473, 71.5591416667, -10.2972444444, -4.473
01344, -3.913, -3.568, -0.782, 50.822, -8.43, -4.473, 71.5591416667, -10.2972444444, -4.473
01345, -3.486, -3.569, -1.056, 49.416, -8.605, -4.266, 70.1531416667, -10.4722444444, -4.266
01346, -3.486, -3.569, -1.056, 49.416, -8.605, -4.266, 70.1531416667, -10.4722444444, -4.266
01347, -3.144, -3.557, -1.232, 48.676, -8.695, -3.944, 69.4131416667, -10.5622444444, -3.944
01348, -3.144, -3.557, -1.232, 48.676, -8.695, -3.944, 69.4131416667, -10.5622444444, -3.944
01349, -2.893, -3.575, -1.356, 48.208, -8.829, -3.733, 68.9451416667, -10.6962444444, -3.733
01350, -2.893, -3.575, -1.356, 48.208, -8.829, -3.733, 68.9451416667, -10.6962444444, -3.733
01351, -2.684, -3.589, -1.448, 47.769, -8.941, -3.662, 68.5061416667, -10.8082444444, -3.662
01352, -2.684, -3.589, -1.448, 47.769, -8.941, -3.662, 68.5061416667, -10.8082444444, -3.662
01353, -2.536, -3.587, -1.493, 47.501, -8.914, -3.602, 68.2381416667, -10.7812444444, -3.602
01354, -2.536, -3.587, -1.493, 47.501, -8.914, -3.602, 68.2381416667, -10.7812444444, -3.602
01355, -2.447, -3.588, -1.49, 47.472, -8.915, -3.544, 68.2091416667, -10.7822444444, -3.544
01356, -2.447, -3.588, -1.49, 47.472, -8.915, -3.544, 68.2091416667, -10.7822444444, -3.544
01357, -2.376, -3.614, -1.502, 47.33, -9.026, -3.523, 68.0671416667, -10.8932444444, -3.523
01358, -2.376, -3.614, -1.502, 47.33, -9.026, -3.523, 68.0671416667, -10.8932444444, -3.523
01359, -2.303, -3.645, -1.555, 46.925, -9.193, -3.513, 67.6621416667, -11.0602444444, -3.513
01360, -2.303, -3.645, -1.555, 46.925, -9.193, -3.513, 67.6621416667, -11.0602444444, -3.513
01361, -2.238, -3.669, -1.625, 46.464, -9.331, -3.454, 67.2011416667, -11.1982444444, -3.454
01362, -2.238, -3.669, -1.625, 46.464, -9.331, -3.454, 67.2011416667, -11.1982444444, -3.454
01363, -2.211, -3.69, -1.692, 46.158, -9.47, -3.375, 66.8951416667, -11.3372444444, -3.375
01364, -2.211, -3.69, -1.692, 46.158, -9.47, -3.375, 66.8951416667, -11.3372444444, -3.375
01365, -2.244, -3.702, -1.716, 46.282, -9.504, -3.344, 67.0191416667, -11.3712444444, -3.344
01366, -2.244, -3.702, -1.716, 46.282, -9.504, -3.344, 67.0191416667, -11.3712444444, -3.344
01367, -2.33, -3.704, -1.7, 46.692, -9.497, -3.218, 67.4291416667, -11.3642444444, -3.218
01368, -2.33, -3.704, -1.7, 46.692, -9.497, -3.218, 67.4291416667, -11.3642444444, -3.218
01369, -2.403, -3.673, -1.673, 47.061, -9.285, -3.09, 67.7981416667, -11.1522444444, -3.09
01370, -2.403, -3.673, -1.673, 47.061, -9.285, -3.09, 67.7981416667, -11.1522444444, -3.09
01371, -2.436, -3.593, -1.667, 47.102, -8.79, -2.891, 67.8391416667, -10.6572444444, -2.891
01372, -2.436, -3.593, -1.667, 47.102, -8.79, -2.891, 67.8391416667, -10.6572444444, -2.891
01373, -2.424, -3.413, -1.669, 46.936, -7.782, -2.574, 67.6731416667, -9.64924444444, -2.574
01374, -2.424, -3.413, -1.669, 46.936, -7.782, -2.574, 67.6731416667, -9.64924444444, -2.574
01375, -2.346, -3.112, -1.642, 46.645, -6.188, -2.074, 67.3821416667, -8.05524444444, -2.074
01376, -2.346, -3.112, -1.642, 46.645, -6.188, -2.074, 67.3821416667, -8.05524444444, -2.074
01377, -2.207, -2.829, -1.567, 46.234, -4.771, -1.691, 66.9711416667, -6.63824444444, -1.691
01378, -2.207, -2.829, -1.567, 46.234, -4.771, -1.691, 66.9711416667, -6.63824444444, -1.691
01379, -2.082, -2.639, -1.476, 45.848, -3.894, -1.486, 66.5851416667, -5.76124444444, -1.486
01380, -2.082, -2.639, -1.476, 45.848, -3.894, -1.486, 66.5851416667, -5.76124444444, -1.486
01381, -1.969, -2.535, -1.397, 45.395, -3.439, -1.453, 66.1321416667, -5.30624444444, -1.453
01382, -1.969, -2.535, -1.397, 45.395, -3.439, -1.453, 66.1321416667, -5.30624444444, -1.453
01383, -1.823, -2.467, -1.332, 44.624, -3.101, -1.562, 65.3611416667, -4.96824444444, -1.562
01384, -1.823, -2.467, -1.332, 44.624, -3.101, -1.562, 65.3611416667, -4.96824444444, -1.562
01385, -1.757, -2.454, -1.33, 44.178, -3.015, -1.715, 64.9151416667, -4.88224444444, -1.715
01386, -1.757, -2.454, -1.33, 44.178, -3.015, -1.715, 64.9151416667, -4.88224444444, -1.715
01387, -1.627, -2.391, -1.35, 43.206, -2.661, -1.972, 63.9431416667, -4.52824444444, -1.972
01388, -1.627, -2.391, -1.35, 43.206, -2.661, -1.972, 63.9431416667, -4.52824444444, -1.972
01389, -1.491, -2.354, -1.402, 42.163, -2.488, -2.288, 62.9001416667, -4.35524444444, -2.288
01390, -1.491, -2.354, -1.402, 42.163, -2.488, -2.288, 62.9001416667, -4.35524444444, -2.288
01391, -1.39, -2.333, -1.477, 41.22, -2.306, -2.554, 61.9571416667, -4.17324444444, -2.554
01392, -1.39, -2.333, -1.477, 41.22, -2.306, -2.554, 61.9571416667, -4.17324444444, -2.554
01393, -1.322, -2.328, -1.554, 40.418, -2.238, -2.71, 61.1551416667, -4.10524444444, -2.71
01394, -1.322, -2.328, -1.554, 40.418, -2.238, -2.71, 61.1551416667, -4.10524444444, -2.71
01395, -1.231, -2.35, -1.66, 39.278, -2.347, -3.014, 60.0151416667, -4.21424444444, -3.014
01396, -1.231, -2.35, -1.66, 39.278, -2.347, -3.014, 60.0151416667, -4.21424444444, -3.014
01397, -1.012, -2.364, -1.854, 36.798, -2.421, -3.807, 57.5351416667, -4.28824444444, -3.807
01398, -1.012, -2.364, -1.854, 36.798, -2.421, -3.807, 57.5351416667, -4.28824444444, -3.807
01399, -0.704, -2.343, -2.098, 33.442, -2.151, -4.868, 54.1791416667, -4.01824444444, -4.868
01400, -0.704, -2.343, -2.098, 33.442, -2.151, -4.868, 54.1791416667, -4.01824444444, -4.868
01401, -0.484, -2.298, -2.266, 31.081, -1.818, -5.534, 51.8181416667, -3.68524444444, -5.534
01402, -0.484, -2.298, -2.266, 31.081, -1.818, -5.534, 51.8181416667, -3.68524444444, -5.534
01403, -0.375, -2.27, -2.381, 29.901, -1.671, -5.709, 50.6381416667, -3.53824444444, -5.709
01404, -0.375, -2.27, -2.381, 29.901, -1.671, -5.709, 50.6381416667, -3.53824444444, -5.709
01405, -0.35, -2.279, -2.456, 29.599, -1.696, -5.664, 50.3361416667, -3.56324444444, -5.664
01406, -0.35, -2.279, -2.456, 29.599, -1.696, -5.664, 50.3361416667, -3.56324444444, -5.664
01407, -0.361, -2.303, -2.502, 29.588, -1.751, -5.629, 50.3251416667, -3.61824444444, -5.629
01408, -0.361, -2.303, -2.502, 29.588, -1.751, -5.629, 50.3251416667, -3.61824444444, -5.629
01409, -0.293, -2.293, -2.543, 29.028, -1.675, -5.725, 49.7651416667, -3.54224444444, -5.725
01410, -0.293, -2.293, -2.543, 29.028, -1.675, -5.725, 49.7651416667, -3.54224444444, -5.725
01411, -0.066, -2.255, -2.647, 27.323, -1.551, -5.952, 48.0601416667, -3.41824444444, -5.952
01412, -0.066, -2.255, -2.647, 27.323, -1.551, -5.952, 48.0601416667, -3.41824444444, -5.952
01413, 0.182, -2.198, -2.748, 25.657, -1.3, -6.081, 46.3941416667, -3.16724444444, -6.081
01414, 0.182, -2.198, -2.748, 25.657, -1.3, -6.081, 46.3941416667, -3.16724444444, -6.081
01415, 0.377, -2.145, -2.786, 24.603, -1.054, -5.969, 45.3401416667, -2.92124444444, -5.969
01416, 0.377, -2.145, -2.786, 24.603, -1.054, -5.969, 45.3401416667, -2.92124444444, -5.969
01417, 0.513, -2.108, -2.722, 24.076, -0.799, -5.754, 44.8131416667, -2.66624444444, -5.754
01418, 0.513, -2.108, -2.722, 24.076, -0.799, -5.754, 44.8131416667, -2.66624444444, -5.754
01419, 0.639, -2.068, -2.691, 23.486, -0.593, -5.697, 44.2231416667, -2.46024444444, -5.697
01420, 0.639, -2.068, -2.691, 23.486, -0.593, -5.697, 44.2231416667, -2.46024444444, -5.697
01421, 0.786, -2.025, -2.682, 22.55, -0.368, -5.827, 43.2871416667, -2.23524444444, -5.827
01422, 0.786, -2.025, -2.682, 22.55, -0.368, -5.827, 43.2871416667, -2.23524444444, -5.827
01423, 0.972, -1.964, -2.684, 21.324, 0.021, -5.944, 42.0611416667, -1.84624444444, -5.944
01424, 0.972, -1.964, -2.684, 21.324, 0.021, -5.944, 42.0611416667, -1.84624444444, -5.944
01425, 1.091, -1.914, -2.687, 20.699, 0.24, -5.917, 41.4361416667, -1.62724444444, -5.917
01426, 1.091, -1.914, -2.687, 20.699, 0.24, -5.917, 41.4361416667, -1.62724444444, -5.917
01427, 1.102, -1.879, -2.682, 21.01, 0.356, -5.681, 41.7471416667, -1.51124444444, -5.681
01428, 1.102, -1.879, -2.682, 21.01, 0.356, -5.681, 41.7471416667, -1.51124444444, -5.681
01429, 1.046, -1.852, -2.63, 21.801, 0.452, -5.485, 42.5381416667, -1.41524444444, -5.485
01430, 1.046, -1.852, -2.63, 21.801, 0.452, -5.485, 42.5381416667, -1.41524444444, -5.485
01431, 0.915, -1.797, -2.519, 23.044, 0.672, -5.312, 43.7811416667, -1.19524444444, -5.312
01432, 0.915, -1.797, -2.519, 23.044, 0.672, -5.312, 43.7811416667, -1.19524444444, -5.312
01433, 0.707, -1.725, -2.351, 24.866, 0.985, -5.133, 45.6031416667, -0.882244444444, -5.133
01434, 0.707, -1.725, -2.351, 24.866, 0.985, -5.133, 45.6031416667, -0.882244444444, -5.133
01435, 0.474, -1.69, -2.18, 26.813, 1.135, -4.819, 47.5501416667, -0.732244444444, -4.819
01436, 0.474, -1.69, -2.18, 26.813, 1.135, -4.819, 47.5501416667, -0.732244444444, -4.819
01437, 0.31, -1.657, -2.13, 28.051, 1.336, -4.622, 48.7881416667, -0.531244444444, -4.622
01438, 0.31, -1.657, -2.13, 28.051, 1.336, -4.622, 48.7881416667, -0.531244444444, -4.622
01439, 0.248, -1.642, -2.114, 28.478, 1.435, -4.525, 49.2151416667, -0.432244444444, -4.525
01440, 0.248, -1.642, -2.114, 28.478, 1.435, -4.525, 49.2151416667, -0.432244444444, -4.525
01441, 0.267, -1.631, -2.147, 28.249, 1.452, -4.411, 48.9861416667, -0.415244444444, -4.411
01442, 0.267, -1.631, -2.147, 28.249, 1.452, -4.411, 48.9861416667, -0.415244444444, -4.411
01443, 0.416, -1.602, -2.22, 27.065, 1.453, -4.362, 47.8021416667, -0.414244444444, -4.362
01444, 0.416, -1.602, -2.22, 27.065, 1.453, -4.362, 47.8021416667, -0.414244444444, -4.362
01445, 0.756, -1.572, -2.352, 24.356, 1.464, -4.663, 45.0931416667, -0.403244444444, -4.663
01446, 0.756, -1.572, -2.352, 24.356, 1.464, -4.663, 45.0931416667, -0.403244444444, -4.663
01447, 1.256, -1.602, -2.483, 20.253, 1.222, -5.375, 40.9901416667, -0.645244444444, -5.375
01448, 1.256, -1.602, -2.483, 20.253, 1.222, -5.375, 40.9901416667, -0.645244444444, -5.375
01449, 1.867, -1.661, -2.68, 15.375, 0.902, -6.271, 36.1121416667, -0.965244444444, -6.271
01450, 1.867, -1.661, -2.68, 15.375, 0.902, -6.271, 36.1121416667, -0.965244444444, -6.271
01451, 2.393, -1.758, -2.889, 11.89, 0.424, -6.483, 32.6271416667, -1.44324444444, -6.483
01452, 2.393, -1.758, -2.889, 11.89, 0.424, -6.483, 32.6271416667, -1.44324444444, -6.483
01453, 2.648, -1.982, -3.075, 11.15, -1.045, -5.946, 31.8871416667, -2.91224444444, -5.946
01454, 2.648, -1.982, -3.075, 11.15, -1.045, -5.946, 31.8871416667, -2.91224444444, -5.946
01455, 2.66, -2.262, -3.229, 12.27, -2.662, -5.257, 33.0071416667, -4.52924444444, -5.257
01456, 2.66, -2.262, -3.229, 12.27, -2.662, -5.257, 33.0071416667, -4.52924444444, -5.257
01457, 2.537, -2.614, -3.337, 14.184, -4.704, -4.752, 34.9211416667, -6.57124444444, -4.752
01458, 2.537, -2.614, -3.337, 14.184, -4.704, -4.752, 34.9211416667, -6.57124444444, -4.752
01459, 2.394, -3.005, -3.396, 15.941, -7.004, -4.501, 36.6781416667, -8.87124444444, -4.501
01460, 2.394, -3.005, -3.396, 15.941, -7.004, -4.501, 36.6781416667, -8.87124444444, -4.501
01461, 2.275, -3.335, -3.45, 17.097, -8.862, -4.562, 37.8341416667, -10.7292444444, -4.562
01462, 2.275, -3.335, -3.45, 17.097, -8.862, -4.562, 37.8341416667, -10.7292444444, -4.562
01463, 2.248, -3.551, -3.542, 17.378, -9.945, -4.798, 38.1151416667, -11.8122444444, -4.798
01464, 2.248, -3.551, -3.542, 17.378, -9.945, -4.798, 38.1151416667, -11.8122444444, -4.798
01465, 2.391, -3.647, -3.678, 16.479, -10.482, -5.002, 37.2161416667, -12.3492444444, -5.002
01466, 2.391, -3.647, -3.678, 16.479, -10.482, -5.002, 37.2161416667, -12.3492444444, -5.002
01467, 2.652, -3.693, -3.813, 14.903, -10.894, -5.169, 35.6401416667, -12.7612444444, -5.169
01468, 2.652, -3.693, -3.813, 14.903, -10.894, -5.169, 35.6401416667, -12.7612444444, -5.169
01469, 3.013, -3.789, -3.967, 12.686, -11.508, -5.262, 33.4231416667, -13.3752444444, -5.262
01470, 3.013, -3.789, -3.967, 12.686, -11.508, -5.262, 33.4231416667, -13.3752444444, -5.262
01471, 3.414, -3.997, -4.126, 10.306, -12.796, -5.372, 31.0431416667, -14.6632444444, -5.372
01472, 3.414, -3.997, -4.126, 10.306, -12.796, -5.372, 31.0431416667, -14.6632444444, -5.372
01473, 3.8, -4.262, -4.296, 8.329, -14.434, -5.185, 29.0661416667, -16.3012444444, -5.185
01474, 3.8, -4.262, -4.296, 8.329, -14.434, -5.185, 29.0661416667, -16.3012444444, -5.185
01475, 4.046, -4.6, -4.437, 7.57, -16.474, -4.858, 28.3071416667, -18.3412444444, -4.858
01476, 4.046, -4.6, -4.437, 7.57, -16.474, -4.858, 28.3071416667, -18.3412444444, -4.858
01477, 4.119, -4.897, -4.523, 7.851, -18.244, -4.556, 28.5881416667, -20.1112444444, -4.556
01478, 4.119, -4.897, -4.523, 7.851, -18.244, -4.556, 28.5881416667, -20.1112444444, -4.556
01479, 4.104, -5.154, -4.603, 8.682, -19.778, -4.334, 29.4191416667, -21.6452444444, -4.334
01480, 4.104, -5.154, -4.603, 8.682, -19.778, -4.334, 29.4191416667, -21.6452444444, -4.334
01481, 4.056, -5.358, -4.674, 9.608, -20.945, -4.253, 30.3451416667, -22.8122444444, -4.253
01482, 4.056, -5.358, -4.674, 9.608, -20.945, -4.253, 30.3451416667, -22.8122444444, -4.253
01483, 4.038, -5.524, -4.736, 10.177, -21.835, -4.246, 30.9141416667, -23.7022444444, -4.246
01484, 4.038, -5.524, -4.736, 10.177, -21.835, -4.246, 30.9141416667, -23.7022444444, -4.246
01485, 4.099, -5.656, -4.822, 10.224, -22.46, -4.259, 30.9611416667, -24.3272444444, -4.259
01486, 4.099, -5.656, -4.822, 10.224, -22.46, -4.259, 30.9611416667, -24.3272444444, -4.259
01487, 4.209, -5.784, -4.948, 9.869, -23.041, -4.29, 30.6061416667, -24.9082444444, -4.29
01488, 4.209, -5.784, -4.948, 9.869, -23.041, -4.29, 30.6061416667, -24.9082444444, -4.29
01489, 4.255, -5.906, -5.06, 9.93, -23.64, -4.243, 30.6671416667, -25.5072444444, -4.243
01490, 4.255, -5.906, -5.06, 9.93, -23.64, -4.243, 30.6671416667, -25.5072444444, -4.243
01491, 4.132, -5.996, -5.158, 10.961, -23.962, -4.098, 31.6981416667, -25.8292444444, -4.098
01492, 4.132, -5.996, -5.158, 10.961, -23.962, -4.098, 31.6981416667, -25.8292444444, -4.098
01493, 3.859, -6.081, -5.193, 12.728, -24.239, -3.893, 33.4651416667, -26.1062444444, -3.893
01494, 3.859, -6.081, -5.193, 12.728, -24.239, -3.893, 33.4651416667, -26.1062444444, -3.893
01495, 3.509, -6.154, -5.199, 14.832, -24.447, -3.728, 35.5691416667, -26.3142444444, -3.728
01496, 3.509, -6.154, -5.199, 14.832, -24.447, -3.728, 35.5691416667, -26.3142444444, -3.728
01497, 3.09, -6.255, -5.17, 17.265, -24.794, -3.561, 38.0021416667, -26.6612444444, -3.561
01498, 3.09, -6.255, -5.17, 17.265, -24.794, -3.561, 38.0021416667, -26.6612444444, -3.561
01499, 2.697, -6.358, -5.118, 19.551, -25.103, -3.449, 40.2881416667, -26.9702444444, -3.449
01500, 2.697, -6.358, -5.118, 19.551, -25.103, -3.449, 40.2881416667, -26.9702444444, -3.449
01501, 2.337, -6.463, -5.061, 21.552, -25.422, -3.371, 42.2891416667, -27.2892444444, -3.371
01502, 2.337, -6.463, -5.061, 21.552, -25.422, -3.371, 42.2891416667, -27.2892444444, -3.371
01503, 2.056, -6.583, -5.001, 22.948, -25.897, -3.399, 43.6851416667, -27.7642444444, -3.399
01504, 2.056, -6.583, -5.001, 22.948, -25.897, -3.399, 43.6851416667, -27.7642444444, -3.399
01505, 1.826, -6.696, -4.97, 23.839, -26.354, -3.563, 44.5761416667, -28.2212444444, -3.563
01506, 1.826, -6.696, -4.97, 23.839, -26.354, -3.563, 44.5761416667, -28.2212444444, -3.563
01507, 1.674, -6.818, -4.976, 24.166, -26.88, -3.754, 44.9031416667, -28.7472444444, -3.754
01508, 1.674, -6.818, -4.976, 24.166, -26.88, -3.754, 44.9031416667, -28.7472444444, -3.754
01509, 1.597, -6.973, -5.029, 23.928, -27.611, -3.983, 44.6651416667, -29.4782444444, -3.983
01510, 1.597, -6.973, -5.029, 23.928, -27.611, -3.983, 44.6651416667, -29.4782444444, -3.983
01511, 1.578, -7.15, -5.086, 23.424, -28.504, -4.407, 44.1611416667, -30.3712444444, -4.407
01512, 1.578, -7.15, -5.086, 23.424, -28.504, -4.407, 44.1611416667, -30.3712444444, -4.407
01513, 1.573, -7.362, -5.126, 22.901, -29.612, -4.869, 43.6381416667, -31.4792444444, -4.869
01514, 1.573, -7.362, -5.126, 22.901, -29.612, -4.869, 43.6381416667, -31.4792444444, -4.869
01515, 1.542, -7.512, -5.15, 22.737, -30.354, -5.094, 43.4741416667, -32.2212444444, -5.094
01516, 1.542, -7.512, -5.15, 22.737, -30.354, -5.094, 43.4741416667, -32.2212444444, -5.094
01517, 1.492, -7.6, -5.124, 22.912, -30.84, -5.128, 43.6491416667, -32.7072444444, -5.128
01518, 1.492, -7.6, -5.124, 22.912, -30.84, -5.128, 43.6491416667, -32.7072444444, -5.128
01519, 1.454, -7.668, -5.131, 23.064, -31.199, -5.181, 43.8011416667, -33.0662444444, -5.181
01520, 1.454, -7.668, -5.131, 23.064, -31.199, -5.181, 43.8011416667, -33.0662444444, -5.181
01521, 1.481, -7.719, -5.17, 22.808, -31.465, -5.264, 43.5451416667, -33.3322444444, -5.264
01522, 1.481, -7.719, -5.17, 22.808, -31.465, -5.264, 43.5451416667, -33.3322444444, -5.264
01523, 1.578, -7.752, -5.238, 22.125, -31.576, -5.405, 42.8621416667, -33.4432444444, -5.405
01524, 1.578, -7.752, -5.238, 22.125, -31.576, -5.405, 42.8621416667, -33.4432444444, -5.405
01525, 1.763, -7.755, -5.334, 20.899, -31.458, -5.751, 41.6361416667, -33.3252444444, -5.751
01526, 1.763, -7.755, -5.334, 20.899, -31.458, -5.751, 41.6361416667, -33.3252444444, -5.751
01527, 2.006, -7.757, -5.447, 19.315, -31.377, -6.075, 40.0521416667, -33.2442444444, -6.075
01528, 2.006, -7.757, -5.447, 19.315, -31.377, -6.075, 40.0521416667, -33.2442444444, -6.075
01529, 2.244, -7.754, -5.543, 17.931, -31.316, -6.26, 38.6681416667, -33.1832444444, -6.26
01530, 2.244, -7.754, -5.543, 17.931, -31.316, -6.26, 38.6681416667, -33.1832444444, -6.26
01531, 2.467, -7.753, -5.642, 16.71, -31.279, -6.382, 37.4471416667, -33.1462444444, -6.382
01532, 2.467, -7.753, -5.642, 16.71, -31.279, -6.382, 37.4471416667, -33.1462444444, -6.382
01533, 2.659, -7.722, -5.7, 15.786, -31.146, -6.454, 36.5231416667, -33.0132444444, -6.454
01534, 2.659, -7.722, -5.7, 15.786, -31.146, -6.454, 36.5231416667, -33.0132444444, -6.454
01535, 2.815, -7.669, -5.722, 15.163, -30.991, -6.528, 35.9001416667, -32.8582444444, -6.528
01536, 2.815, -7.669, -5.722, 15.163, -30.991, -6.528, 35.9001416667, -32.8582444444, -6.528
01537, 2.938, -7.605, -5.767, 14.726, -30.748, -6.444, 35.4631416667, -32.6152444444, -6.444
01538, 2.938, -7.605, -5.767, 14.726, -30.748, -6.444, 35.4631416667, -32.6152444444, -6.444
01539, 3.021, -7.562, -5.797, 14.561, -30.496, -6.312, 35.2981416667, -32.3632444444, -6.312
01540, 3.021, -7.562, -5.797, 14.561, -30.496, -6.312, 35.2981416667, -32.3632444444, -6.312
01541, 3.083, -7.534, -5.828, 14.519, -30.283, -6.154, 35.2561416667, -32.1502444444, -6.154
01542, 3.083, -7.534, -5.828, 14.519, -30.283, -6.154, 35.2561416667, -32.1502444444, -6.154
01543, 3.149, -7.502, -5.872, 14.442, -30.061, -6.021, 35.1791416667, -31.9282444444, -6.021
01544, 3.149, -7.502, -5.872, 14.442, -30.061, -6.021, 35.1791416667, -31.9282444444, -6.021
01545, 3.223, -7.462, -5.915, 14.249, -29.776, -5.904, 34.9861416667, -31.6432444444, -5.904
01546, 3.223, -7.462, -5.915, 14.249, -29.776, -5.904, 34.9861416667, -31.6432444444, -5.904
01547, 3.309, -7.382, -5.955, 13.894, -29.324, -5.811, 34.6311416667, -31.1912444444, -5.811
01548, 3.309, -7.382, -5.955, 13.894, -29.324, -5.811, 34.6311416667, -31.1912444444, -5.811
01549, 3.409, -7.249, -5.999, 13.354, -28.643, -5.755, 34.0911416667, -30.5102444444, -5.755
01550, 3.409, -7.249, -5.999, 13.354, -28.643, -5.755, 34.0911416667, -30.5102444444, -5.755
01551, 3.523, -7.082, -6.04, 12.701, -27.799, -5.742, 33.4381416667, -29.6662444444, -5.742
01552, 3.523, -7.082, -6.04, 12.701, -27.799, -5.742, 33.4381416667, -29.6662444444, -5.742
01553, 3.616, -6.947, -6.055, 12.22, -27.163, -5.682, 32.9571416667, -29.0302444444, -5.682
01554, 3.616, -6.947, -6.055, 12.22, -27.163, -5.682, 32.9571416667, -29.0302444444, -5.682
01555, 3.676, -6.843, -6.044, 12.08, -26.716, -5.47, 32.8171416667, -28.5832444444, -5.47
01556, 3.676, -6.843, -6.044, 12.08, -26.716, -5.47, 32.8171416667, -28.5832444444, -5.47
01557, 3.71, -6.764, -6.041, 12.166, -26.359, -5.2, 32.9031416667, -28.2262444444, -5.2
01558, 3.71, -6.764, -6.041, 12.166, -26.359, -5.2, 32.9031416667, -28.2262444444, -5.2
01559, 3.737, -6.699, -6.041, 12.272, -26.101, -5.02, 33.0091416667, -27.9682444444, -5.02
01560, 3.737, -6.699, -6.041, 12.272, -26.101, -5.02, 33.0091416667, -27.9682444444, -5.02
01561, 3.792, -6.641, -6.037, 12.211, -25.83, -4.913, 32.9481416667, -27.6972444444, -4.913
01562, 3.792, -6.641, -6.037, 12.211, -25.83, -4.913, 32.9481416667, -27.6972444444, -4.913
01563, 3.871, -6.57, -6.026, 12.036, -25.478, -4.817, 32.7731416667, -27.3452444444, -4.817
01564, 3.871, -6.57, -6.026, 12.036, -25.478, -4.817, 32.7731416667, -27.3452444444, -4.817
01565, 3.944, -6.491, -6.016, 11.84, -25.11, -4.736, 32.5771416667, -26.9772444444, -4.736
01566, 3.944, -6.491, -6.016, 11.84, -25.11, -4.736, 32.5771416667, -26.9772444444, -4.736
01567, 4.028, -6.393, -6.014, 11.522, -24.651, -4.701, 32.2591416667, -26.5182444444, -4.701
01568, 4.028, -6.393, -6.014, 11.522, -24.651, -4.701, 32.2591416667, -26.5182444444, -4.701
01569, 4.118, -6.306, -6.013, 11.123, -24.216, -4.692, 31.8601416667, -26.0832444444, -4.692
01570, 4.118, -6.306, -6.013, 11.123, -24.216, -4.692, 31.8601416667, -26.0832444444, -4.692
01571, 4.191, -6.224, -6.006, 10.785, -23.806, -4.692, 31.5221416667, -25.6732444444, -4.692
01572, 4.191, -6.224, -6.006, 10.785, -23.806, -4.692, 31.5221416667, -25.6732444444, -4.692
01573, 4.224, -6.14, -5.99, 10.671, -23.413, -4.682, 31.4081416667, -25.2802444444, -4.682
01574, 4.224, -6.14, -5.99, 10.671, -23.413, -4.682, 31.4081416667, -25.2802444444, -4.682
01575, 4.205, -6.052, -5.961, 10.849, -23.022, -4.588, 31.5861416667, -24.8892444444, -4.588
01576, 4.205, -6.052, -5.961, 10.849, -23.022, -4.588, 31.5861416667, -24.8892444444, -4.588
01577, 4.139, -5.976, -5.906, 11.247, -22.683, -4.529, 31.9841416667, -24.5502444444, -4.529
01578, 4.139, -5.976, -5.906, 11.247, -22.683, -4.529, 31.9841416667, -24.5502444444, -4.529
01579, 4.034, -5.91, -5.825, 11.818, -22.374, -4.486, 32.5551416667, -24.2412444444, -4.486
01580, 4.034, -5.91, -5.825, 11.818, -22.374, -4.486, 32.5551416667, -24.2412444444, -4.486
01581, 3.941, -5.853, -5.754, 12.277, -22.086, -4.434, 33.0141416667, -23.9532444444, -4.434
01582, 3.941, -5.853, -5.754, 12.277, -22.086, -4.434, 33.0141416667, -23.9532444444, -4.434
01583, 3.86, -5.801, -5.727, 12.567, -21.814, -4.467, 33.3041416667, -23.6812444444, -4.467
01584, 3.86, -5.801, -5.727, 12.567, -21.814, -4.467, 33.3041416667, -23.6812444444, -4.467
01585, 3.821, -5.769, -5.695, 12.622, -21.651, -4.513, 33.3591416667, -23.5182444444, -4.513
01586, 3.821, -5.769, -5.695, 12.622, -21.651, -4.513, 33.3591416667, -23.5182444444, -4.513
01587, 3.813, -5.759, -5.656, 12.537, -21.576, -4.523, 33.2741416667, -23.4432444444, -4.523
01588, 3.813, -5.759, -5.656, 12.537, -21.576, -4.523, 33.2741416667, -23.4432444444, -4.523
01589, 3.835, -5.744, -5.613, 12.361, -21.514, -4.531, 33.0981416667, -23.3812444444, -4.531
01590, 3.835, -5.744, -5.613, 12.361, -21.514, -4.531, 33.0981416667, -23.3812444444, -4.531
01591, 3.873, -5.72, -5.571, 12.148, -21.422, -4.564, 32.8851416667, -23.2892444444, -4.564
01592, 3.873, -5.72, -5.571, 12.148, -21.422, -4.564, 32.8851416667, -23.2892444444, -4.564
01593, 3.92, -5.687, -5.533, 11.927, -21.344, -4.56, 32.6641416667, -23.2112444444, -4.56
01594, 3.92, -5.687, -5.533, 11.927, -21.344, -4.56, 32.6641416667, -23.2112444444, -4.56
01595, 3.972, -5.646, -5.506, 11.771, -21.225, -4.516, 32.5081416667, -23.0922444444, -4.516
01596, 3.972, -5.646, -5.506, 11.771, -21.225, -4.516, 32.5081416667, -23.0922444444, -4.516
01597, 4.018, -5.59, -5.485, 11.766, -21.022, -4.404, 32.5031416667, -22.8892444444, -4.404
01598, 4.018, -5.59, -5.485, 11.766, -21.022, -4.404, 32.5031416667, -22.8892444444, -4.404
01599, 4.065, -5.524, -5.465, 11.792, -20.754, -4.319, 32.5291416667, -22.6212444444, -4.319
01600, 4.065, -5.524, -5.465, 11.792, -20.754, -4.319, 32.5291416667, -22.6212444444, -4.319
01601, 4.122, -5.46, -5.436, 11.823, -20.505, -4.215, 32.5601416667, -22.3722444444, -4.215
01602, 4.122, -5.46, -5.436, 11.823, -20.505, -4.215, 32.5601416667, -22.3722444444, -4.215
01603, 4.182, -5.406, -5.402, 11.859, -20.285, -4.1, 32.5961416667, -22.1522444444, -4.1
01604, 4.182, -5.406, -5.402, 11.859, -20.285, -4.1, 32.5961416667, -22.1522444444, -4.1
01605, 4.232, -5.362, -5.376, 11.899, -20.038, -3.985, 32.6361416667, -21.9052444444, -3.985
01606, 4.232, -5.362, -5.376, 11.899, -20.038, -3.985, 32.6361416667, -21.9052444444, -3.985
01607, 4.275, -5.317, -5.347, 11.975, -19.823, -3.923, 32.7121416667, -21.6902444444, -3.923
01608, 4.275, -5.317, -5.347, 11.975, -19.823, -3.923, 32.7121416667, -21.6902444444, -3.923
01609, 4.311, -5.259, -5.303, 12.034, -19.565, -3.871, 32.7711416667, -21.4322444444, -3.871
01610, 4.311, -5.259, -5.303, 12.034, -19.565, -3.871, 32.7711416667, -21.4322444444, -3.871
01611, 4.339, -5.203, -5.253, 12.07, -19.248, -3.822, 32.8071416667, -21.1152444444, -3.822
01612, 4.339, -5.203, -5.253, 12.07, -19.248, -3.822, 32.8071416667, -21.1152444444, -3.822
01613, 4.36, -5.129, -5.183, 12.105, -18.874, -3.783, 32.8421416667, -20.7412444444, -3.783
01614, 4.36, -5.129, -5.183, 12.105, -18.874, -3.783, 32.8421416667, -20.7412444444, -3.783
01615, 4.363, -5.043, -5.111, 12.208, -18.462, -3.733, 32.9451416667, -20.3292444444, -3.733
01616, 4.363, -5.043, -5.111, 12.208, -18.462, -3.733, 32.9451416667, -20.3292444444, -3.733
01617, 4.354, -4.956, -5.036, 12.316, -18.034, -3.696, 33.0531416667, -19.9012444444, -3.696
01618, 4.354, -4.956, -5.036, 12.316, -18.034, -3.696, 33.0531416667, -19.9012444444, -3.696
01619, 4.323, -4.852, -4.943, 12.464, -17.513, -3.71, 33.2011416667, -19.3802444444, -3.71
01620, 4.323, -4.852, -4.943, 12.464, -17.513, -3.71, 33.2011416667, -19.3802444444, -3.71
01621, 4.266, -4.737, -4.843, 12.739, -16.969, -3.75, 33.4761416667, -18.8362444444, -3.75
01622, 4.266, -4.737, -4.843, 12.739, -16.969, -3.75, 33.4761416667, -18.8362444444, -3.75
01623, 4.197, -4.647, -4.755, 13.041, -16.527, -3.768, 33.7781416667, -18.3942444444, -3.768
01624, 4.197, -4.647, -4.755, 13.041, -16.527, -3.768, 33.7781416667, -18.3942444444, -3.768
01625, 4.124, -4.568, -4.673, 13.338, -16.118, -3.787, 34.0751416667, -17.9852444444, -3.787
01626, 4.124, -4.568, -4.673, 13.338, -16.118, -3.787, 34.0751416667, -17.9852444444, -3.787
01627, 4.055, -4.517, -4.595, 13.639, -15.853, -3.844, 34.3761416667, -17.7202444444, -3.844
01628, 4.055, -4.517, -4.595, 13.639, -15.853, -3.844, 34.3761416667, -17.7202444444, -3.844
01629, 3.989, -4.467, -4.533, 13.877, -15.577, -3.888, 34.6141416667, -17.4442444444, -3.888
01630, 3.989, -4.467, -4.533, 13.877, -15.577, -3.888, 34.6141416667, -17.4442444444, -3.888
01631, 3.947, -4.418, -4.49, 13.986, -15.311, -3.905, 34.7231416667, -17.1782444444, -3.905
01632, 3.947, -4.418, -4.49, 13.986, -15.311, -3.905, 34.7231416667, -17.1782444444, -3.905
01633, 3.923, -4.373, -4.465, 13.992, -15.156, -3.946, 34.7291416667, -17.0232444444, -3.946
01634, 3.923, -4.373, -4.465, 13.992, -15.156, -3.946, 34.7291416667, -17.0232444444, -3.946
01635, 3.908, -4.342, -4.446, 13.951, -15.036, -3.979, 34.6881416667, -16.9032444444, -3.979
01636, 3.908, -4.342, -4.446, 13.951, -15.036, -3.979, 34.6881416667, -16.9032444444, -3.979
01637, 3.885, -4.34, -4.436, 13.935, -15.0, -3.999, 34.6721416667, -16.8672444444, -3.999
01638, 3.885, -4.34, -4.436, 13.935, -15.0, -3.999, 34.6721416667, -16.8672444444, -3.999
01639, 3.858, -4.342, -4.435, 13.938, -14.997, -4.028, 34.6751416667, -16.8642444444, -4.028
01640, 3.858, -4.342, -4.435, 13.938, -14.997, -4.028, 34.6751416667, -16.8642444444, -4.028
01641, 3.832, -4.346, -4.432, 13.941, -14.99, -4.064, 34.6781416667, -16.8572444444, -4.064
01642, 3.832, -4.346, -4.432, 13.941, -14.99, -4.064, 34.6781416667, -16.8572444444, -4.064
01643, 3.8, -4.355, -4.438, 13.949, -14.955, -4.103, 34.6861416667, -16.8222444444, -4.103
01644, 3.8, -4.355, -4.438, 13.949, -14.955, -4.103, 34.6861416667, -16.8222444444, -4.103
01645, 3.793, -4.345, -4.444, 13.928, -14.884, -4.1, 34.6651416667, -16.7512444444, -4.1
01646, 3.793, -4.345, -4.444, 13.928, -14.884, -4.1, 34.6651416667, -16.7512444444, -4.1
01647, 3.807, -4.319, -4.452, 13.885, -14.768, -4.048, 34.6221416667, -16.6352444444, -4.048
01648, 3.807, -4.319, -4.452, 13.885, -14.768, -4.048, 34.6221416667, -16.6352444444, -4.048
01649, 3.832, -4.293, -4.444, 13.863, -14.651, -3.979, 34.6001416667, -16.5182444444, -3.979
01650, 3.832, -4.293, -4.444, 13.863, -14.651, -3.979, 34.6001416667, -16.5182444444, -3.979
01651, 3.864, -4.28, -4.431, 13.798, -14.597, -3.942, 34.5351416667, -16.4642444444, -3.942
01652, 3.864, -4.28, -4.431, 13.798, -14.597, -3.942, 34.5351416667, -16.4642444444, -3.942
01653, 3.917, -4.273, -4.427, 13.68, -14.608, -3.893, 34.4171416667, -16.4752444444, -3.893
01654, 3.917, -4.273, -4.427, 13.68, -14.608, -3.893, 34.4171416667, -16.4752444444, -3.893
01655, 3.98, -4.271, -4.433, 13.524, -14.589, -3.836, 34.2611416667, -16.4562444444, -3.836
01656, 3.98, -4.271, -4.433, 13.524, -14.589, -3.836, 34.2611416667, -16.4562444444, -3.836
01657, 4.038, -4.263, -4.452, 13.412, -14.55, -3.81, 34.1491416667, -16.4172444444, -3.81
01658, 4.038, -4.263, -4.452, 13.412, -14.55, -3.81, 34.1491416667, -16.4172444444, -3.81
01659, 4.095, -4.244, -4.452, 13.388, -14.474, -3.744, 34.1251416667, -16.3412444444, -3.744
01660, 4.095, -4.244, -4.452, 13.388, -14.474, -3.744, 34.1251416667, -16.3412444444, -3.744
01661, 4.158, -4.241, -4.444, 13.329, -14.467, -3.676, 34.0661416667, -16.3342444444, -3.676
01662, 4.158, -4.241, -4.444, 13.329, -14.467, -3.676, 34.0661416667, -16.3342444444, -3.676
01663, 4.229, -4.258, -4.46, 13.199, -14.562, -3.605, 33.9361416667, -16.4292444444, -3.605
01664, 4.229, -4.258, -4.46, 13.199, -14.562, -3.605, 33.9361416667, -16.4292444444, -3.605
01665, 4.281, -4.258, -4.486, 13.127, -14.543, -3.519, 33.8641416667, -16.4102444444, -3.519
01666, 4.281, -4.258, -4.486, 13.127, -14.543, -3.519, 33.8641416667, -16.4102444444, -3.519
01667, 4.319, -4.243, -4.511, 13.099, -14.452, -3.451, 33.8361416667, -16.3192444444, -3.451
01668, 4.319, -4.243, -4.511, 13.099, -14.452, -3.451, 33.8361416667, -16.3192444444, -3.451
01669, 4.336, -4.187, -4.527, 13.092, -14.141, -3.403, 33.8291416667, -16.0082444444, -3.403
01670, 4.336, -4.187, -4.527, 13.092, -14.141, -3.403, 33.8291416667, -16.0082444444, -3.403
01671, 4.342, -4.066, -4.508, 13.157, -13.514, -3.336, 33.8941416667, -15.3812444444, -3.336
01672, 4.342, -4.066, -4.508, 13.157, -13.514, -3.336, 33.8941416667, -15.3812444444, -3.336
01673, 4.345, -3.892, -4.442, 13.28, -12.67, -3.233, 34.0171416667, -14.5372444444, -3.233
01674, 4.345, -3.892, -4.442, 13.28, -12.67, -3.233, 34.0171416667, -14.5372444444, -3.233
01675, 4.339, -3.727, -4.348, 13.417, -11.82, -3.125, 34.1541416667, -13.6872444444, -3.125
01676, 4.339, -3.727, -4.348, 13.417, -11.82, -3.125, 34.1541416667, -13.6872444444, -3.125
01677, 4.327, -3.593, -4.247, 13.563, -11.127, -3.036, 34.3001416667, -12.9942444444, -3.036
01678, 4.327, -3.593, -4.247, 13.563, -11.127, -3.036, 34.3001416667, -12.9942444444, -3.036
01679, 4.315, -3.5, -4.166, 13.669, -10.59, -2.934, 34.4061416667, -12.4572444444, -2.934
01680, 4.315, -3.5, -4.166, 13.669, -10.59, -2.934, 34.4061416667, -12.4572444444, -2.934
01681, 4.298, -3.411, -4.08, 13.762, -10.098, -2.869, 34.4991416667, -11.9652444444, -2.869
01682, 4.298, -3.411, -4.08, 13.762, -10.098, -2.869, 34.4991416667, -11.9652444444, -2.869
01683, 4.343, -3.326, -3.963, 13.527, -9.819, -2.823, 34.2641416667, -11.6862444444, -2.823
01684, 4.343, -3.326, -3.963, 13.527, -9.819, -2.823, 34.2641416667, -11.6862444444, -2.823
01685, 4.483, -3.288, -3.893, 12.516, -9.722, -2.968, 33.2531416667, -11.5892444444, -2.968
01686, 4.483, -3.288, -3.893, 12.516, -9.722, -2.968, 33.2531416667, -11.5892444444, -2.968
01687, 4.657, -3.246, -3.863, 11.059, -9.485, -3.31, 31.7961416667, -11.3522444444, -3.31
01688, 4.657, -3.246, -3.863, 11.059, -9.485, -3.31, 31.7961416667, -11.3522444444, -3.31
01689, 4.778, -3.198, -3.845, 9.954, -9.231, -3.519, 30.6911416667, -11.0982444444, -3.519
01690, 4.778, -3.198, -3.845, 9.954, -9.231, -3.519, 30.6911416667, -11.0982444444, -3.519
01691, 4.877, -3.141, -3.845, 9.139, -8.961, -3.488, 29.8761416667, -10.8282444444, -3.488
01692, 4.877, -3.141, -3.845, 9.139, -8.961, -3.488, 29.8761416667, -10.8282444444, -3.488
01693, 5.017, -3.119, -3.867, 8.135, -8.897, -3.42, 28.8721416667, -10.7642444444, -3.42
01694, 5.017, -3.119, -3.867, 8.135, -8.897, -3.42, 28.8721416667, -10.7642444444, -3.42
01695, 5.205, -3.211, -3.959, 6.867, -9.488, -3.366, 27.6041416667, -11.3552444444, -3.366
01696, 5.205, -3.211, -3.959, 6.867, -9.488, -3.366, 27.6041416667, -11.3552444444, -3.366
01697, 5.391, -3.345, -4.099, 5.677, -10.281, -3.326, 26.4141416667, -12.1482444444, -3.326
01698, 5.391, -3.345, -4.099, 5.677, -10.281, -3.326, 26.4141416667, -12.1482444444, -3.326
01699, 5.535, -3.486, -4.266, 4.87, -11.049, -3.306, 25.6071416667, -12.9162444444, -3.306
01700, 5.535, -3.486, -4.266, 4.87, -11.049, -3.306, 25.6071416667, -12.9162444444, -3.306
01701, 5.566, -3.645, -4.42, 4.867, -11.864, -3.273, 25.6041416667, -13.7312444444, -3.273
01702, 5.566, -3.645, -4.42, 4.867, -11.864, -3.273, 25.6041416667, -13.7312444444, -3.273
01703, 5.504, -3.761, -4.537, 5.506, -12.486, -3.11, 26.2431416667, -14.3532444444, -3.11
01704, 5.504, -3.761, -4.537, 5.506, -12.486, -3.11, 26.2431416667, -14.3532444444, -3.11
01705, 5.397, -3.864, -4.649, 6.399, -13.016, -2.943, 27.1361416667, -14.8832444444, -2.943
01706, 5.397, -3.864, -4.649, 6.399, -13.016, -2.943, 27.1361416667, -14.8832444444, -2.943
01707, 5.334, -3.942, -4.751, 6.868, -13.388, -2.943, 27.6051416667, -15.2552444444, -2.943
01708, 5.334, -3.942, -4.751, 6.868, -13.388, -2.943, 27.6051416667, -15.2552444444, -2.943
01709, 5.386, -3.935, -4.82, 6.439, -13.187, -3.132, 27.1761416667, -15.0542444444, -3.132
01710, 5.386, -3.935, -4.82, 6.439, -13.187, -3.132, 27.1761416667, -15.0542444444, -3.132
01711, 5.555, -3.846, -4.864, 5.228, -12.681, -3.492, 25.9651416667, -14.5482444444, -3.492
01712, 5.555, -3.846, -4.864, 5.228, -12.681, -3.492, 25.9651416667, -14.5482444444, -3.492
01713, 5.803, -3.704, -4.887, 3.442, -11.96, -3.87, 24.1791416667, -13.8272444444, -3.87
01714, 5.803, -3.704, -4.887, 3.442, -11.96, -3.87, 24.1791416667, -13.8272444444, -3.87
01715, 6.094, -3.595, -4.906, 1.25, -11.35, -4.299, 21.9871416667, -13.2172444444, -4.299
01716, 6.094, -3.595, -4.906, 1.25, -11.35, -4.299, 21.9871416667, -13.2172444444, -4.299
01717, 6.445, -3.525, -4.929, -1.455, -10.897, -4.845, 19.2821416667, -12.7642444444, -4.845
01718, 6.445, -3.525, -4.929, -1.455, -10.897, -4.845, 19.2821416667, -12.7642444444, -4.845
01719, 6.758, -3.478, -4.927, -3.843, -10.646, -5.303, 16.8941416667, -12.5132444444, -5.303
01720, 6.758, -3.478, -4.927, -3.843, -10.646, -5.303, 16.8941416667, -12.5132444444, -5.303
01721, 6.926, -3.444, -4.901, -5.017, -10.454, -5.471, 15.7201416667, -12.3212444444, -5.471
01722, 6.926, -3.444, -4.901, -5.017, -10.454, -5.471, 15.7201416667, -12.3212444444, -5.471
01723, 6.973, -3.441, -4.858, -5.225, -10.334, -5.309, 15.5121416667, -12.2012444444, -5.309
01724, 6.973, -3.441, -4.858, -5.225, -10.334, -5.309, 15.5121416667, -12.2012444444, -5.309
01725, 6.964, -3.462, -4.829, -4.968, -10.385, -5.075, 15.7691416667, -12.2522444444, -5.075
01726, 6.964, -3.462, -4.829, -4.968, -10.385, -5.075, 15.7691416667, -12.2522444444, -5.075
01727, 6.946, -3.471, -4.806, -4.684, -10.387, -4.922, 16.0531416667, -12.2542444444, -4.922
01728, 6.946, -3.471, -4.806, -4.684, -10.387, -4.922, 16.0531416667, -12.2542444444, -4.922
01729, 6.933, -3.486, -4.799, -4.591, -10.466, -4.85, 16.1461416667, -12.3332444444, -4.85
01730, 6.933, -3.486, -4.799, -4.591, -10.466, -4.85, 16.1461416667, -12.3332444444, -4.85
01731, 6.971, -3.544, -4.806, -4.854, -10.948, -4.918, 15.8831416667, -12.8152444444, -4.918
01732, 6.971, -3.544, -4.806, -4.854, -10.948, -4.918, 15.8831416667, -12.8152444444, -4.918
01733, 7.038, -3.631, -4.827, -5.297, -11.53, -4.948, 15.4401416667, -13.3972444444, -4.948
01734, 7.038, -3.631, -4.827, -5.297, -11.53, -4.948, 15.4401416667, -13.3972444444, -4.948
01735, 7.102, -3.719, -4.846, -5.71, -12.115, -4.961, 15.0271416667, -13.9822444444, -4.961
01736, 7.102, -3.719, -4.846, -5.71, -12.115, -4.961, 15.0271416667, -13.9822444444, -4.961
01737, 7.148, -3.801, -4.864, -6.034, -12.614, -4.957, 14.7031416667, -14.4812444444, -4.957
01738, 7.148, -3.801, -4.864, -6.034, -12.614, -4.957, 14.7031416667, -14.4812444444, -4.957
01739, 7.188, -3.859, -4.873, -6.359, -12.982, -4.936, 14.3781416667, -14.8492444444, -4.936
01740, 7.188, -3.859, -4.873, -6.359, -12.982, -4.936, 14.3781416667, -14.8492444444, -4.936
01741, 7.189, -3.872, -4.874, -6.504, -13.059, -4.979, 14.2331416667, -14.9262444444, -4.979
01742, 7.189, -3.872, -4.874, -6.504, -13.059, -4.979, 14.2331416667, -14.9262444444, -4.979
01743, 7.127, -3.857, -4.856, -6.293, -13.028, -4.991, 14.4441416667, -14.8952444444, -4.991
01744, 7.127, -3.857, -4.856, -6.293, -13.028, -4.991, 14.4441416667, -14.8952444444, -4.991
01745, 7.061, -3.836, -4.84, -5.936, -12.938, -4.936, 14.8011416667, -14.8052444444, -4.936
01746, 7.061, -3.836, -4.84, -5.936, -12.938, -4.936, 14.8011416667, -14.8052444444, -4.936
01747, 6.987, -3.794, -4.83, -5.441, -12.701, -4.839, 15.2961416667, -14.5682444444, -4.839
01748, 6.987, -3.794, -4.83, -5.441, -12.701, -4.839, 15.2961416667, -14.5682444444, -4.839
01749, 6.893, -3.724, -4.808, -4.717, -12.346, -4.686, 16.0201416667, -14.2132444444, -4.686
01750, 6.893, -3.724, -4.808, -4.717, -12.346, -4.686, 16.0201416667, -14.2132444444, -4.686
01751, 6.788, -3.629, -4.779, -3.901, -11.802, -4.489, 16.8361416667, -13.6692444444, -4.489
01752, 6.788, -3.629, -4.779, -3.901, -11.802, -4.489, 16.8361416667, -13.6692444444, -4.489
01753, 6.674, -3.499, -4.726, -3.065, -11.104, -4.287, 17.6721416667, -12.9712444444, -4.287
01754, 6.674, -3.499, -4.726, -3.065, -11.104, -4.287, 17.6721416667, -12.9712444444, -4.287
01755, 6.54, -3.331, -4.647, -2.133, -10.25, -4.109, 18.6041416667, -12.1172444444, -4.109
01756, 6.54, -3.331, -4.647, -2.133, -10.25, -4.109, 18.6041416667, -12.1172444444, -4.109
01757, 6.418, -3.186, -4.565, -1.329, -9.441, -4.004, 19.4081416667, -11.3082444444, -4.004
01758, 6.418, -3.186, -4.565, -1.329, -9.441, -4.004, 19.4081416667, -11.3082444444, -4.004
01759, 6.302, -3.066, -4.481, -0.597, -8.729, -3.894, 20.1401416667, -10.5962444444, -3.894
01760, 6.302, -3.066, -4.481, -0.597, -8.729, -3.894, 20.1401416667, -10.5962444444, -3.894
01761, 6.19, -2.965, -4.407, 0.125, -8.118, -3.803, 20.8621416667, -9.98524444444, -3.803
01762, 6.19, -2.965, -4.407, 0.125, -8.118, -3.803, 20.8621416667, -9.98524444444, -3.803
01763, 6.058, -2.871, -4.32, 0.983, -7.587, -3.657, 21.7201416667, -9.45424444444, -3.657
01764, 6.058, -2.871, -4.32, 0.983, -7.587, -3.657, 21.7201416667, -9.45424444444, -3.657
01765, 5.964, -2.833, -4.256, 1.631, -7.296, -3.527, 22.3681416667, -9.16324444444, -3.527
01766, 5.964, -2.833, -4.256, 1.631, -7.296, -3.527, 22.3681416667, -9.16324444444, -3.527
01767, 5.889, -2.821, -4.216, 2.097, -7.165, -3.481, 22.8341416667, -9.03224444444, -3.481
01768, 5.889, -2.821, -4.216, 2.097, -7.165, -3.481, 22.8341416667, -9.03224444444, -3.481
01769, 5.813, -2.808, -4.185, 2.592, -7.046, -3.413, 23.3291416667, -8.91324444444, -3.413
01770, 5.813, -2.808, -4.185, 2.592, -7.046, -3.413, 23.3291416667, -8.91324444444, -3.413
01771, 5.727, -2.788, -4.152, 3.206, -6.906, -3.289, 23.9431416667, -8.77324444444, -3.289
01772, 5.727, -2.788, -4.152, 3.206, -6.906, -3.289, 23.9431416667, -8.77324444444, -3.289
01773, 5.655, -2.775, -4.125, 3.726, -6.82, -3.197, 24.4631416667, -8.68724444444, -3.197
01774, 5.655, -2.775, -4.125, 3.726, -6.82, -3.197, 24.4631416667, -8.68724444444, -3.197
01775, 5.619, -2.787, -4.121, 3.982, -6.838, -3.136, 24.7191416667, -8.70524444444, -3.136
01776, 5.619, -2.787, -4.121, 3.982, -6.838, -3.136, 24.7191416667, -8.70524444444, -3.136
01777, 5.616, -2.813, -4.138, 3.986, -6.988, -3.178, 24.7231416667, -8.85524444444, -3.178
01778, 5.616, -2.813, -4.138, 3.986, -6.988, -3.178, 24.7231416667, -8.85524444444, -3.178
01779, 5.626, -2.826, -4.155, 3.849, -7.092, -3.232, 24.5861416667, -8.95924444444, -3.232
01780, 5.626, -2.826, -4.155, 3.849, -7.092, -3.232, 24.5861416667, -8.95924444444, -3.232
01781, 5.628, -2.842, -4.154, 3.775, -7.157, -3.242, 24.5121416667, -9.02424444444, -3.242
01782, 5.628, -2.842, -4.154, 3.775, -7.157, -3.242, 24.5121416667, -9.02424444444, -3.242
01783, 5.631, -2.851, -4.158, 3.719, -7.252, -3.217, 24.4561416667, -9.11924444444, -3.217
01784, 5.631, -2.851, -4.158, 3.719, -7.252, -3.217, 24.4561416667, -9.11924444444, -3.217
01785, 5.634, -2.843, -4.168, 3.659, -7.29, -3.193, 24.3961416667, -9.15724444444, -3.193
01786, 5.634, -2.843, -4.168, 3.659, -7.29, -3.193, 24.3961416667, -9.15724444444, -3.193
01787, 5.644, -2.843, -4.181, 3.539, -7.328, -3.175, 24.2761416667, -9.19524444444, -3.175
01788, 5.644, -2.843, -4.181, 3.539, -7.328, -3.175, 24.2761416667, -9.19524444444, -3.175
01789, 5.663, -2.855, -4.201, 3.398, -7.364, -3.197, 24.1351416667, -9.23124444444, -3.197
01790, 5.663, -2.855, -4.201, 3.398, -7.364, -3.197, 24.1351416667, -9.23124444444, -3.197
01791, 5.672, -2.85, -4.217, 3.355, -7.326, -3.199, 24.0921416667, -9.19324444444, -3.199
01792, 5.672, -2.85, -4.217, 3.355, -7.326, -3.199, 24.0921416667, -9.19324444444, -3.199
01793, 5.676, -2.831, -4.229, 3.389, -7.226, -3.16, 24.1261416667, -9.09324444444, -3.16
01794, 5.676, -2.831, -4.229, 3.389, -7.226, -3.16, 24.1261416667, -9.09324444444, -3.16
01795, 5.681, -2.832, -4.237, 3.426, -7.15, -3.116, 24.1631416667, -9.01724444444, -3.116
01796, 5.681, -2.832, -4.237, 3.426, -7.15, -3.116, 24.1631416667, -9.01724444444, -3.116
01797, 5.685, -2.838, -4.237, 3.476, -7.126, -3.092, 24.2131416667, -8.99324444444, -3.092
01798, 5.685, -2.838, -4.237, 3.476, -7.126, -3.092, 24.2131416667, -8.99324444444, -3.092
01799, 5.71, -2.837, -4.235, 3.405, -7.103, -3.08, 24.1421416667, -8.97024444444, -3.08
01800, 5.71, -2.837, -4.235, 3.405, -7.103, -3.08, 24.1421416667, -8.97024444444, -3.08
